//--- OBJECT WRITE BEGIN ---
$ThisPrefab = new SimGroup() {
   canSave = "1";
   canSaveDynamicFields = "1";
      groupPosition = "0 0 0";

   new TSStatic() {
      shapeName = "art/rally/race_rally_finish_checkpoint_yellow.dae";
      dynamic = "0";
      playAmbient = "1";
      meshCulling = "0";
      originSort = "0";
      useInstanceRenderData = "1";
      instanceColor = "White";
      instanceColor1 = "White";
      instanceColor2 = "White";
      collisionType = "Collision Mesh";
      decalType = "Collision Mesh";
      prebuildCollisionData = "0";
      renderNormals = "0";
      forceDetail = "-1";
      position = "804.637512 -490.823242 182.804123";
      scale = "1 1 1";
      rotationMatrix = "0.576740384 0.816927731 0 -0.816927731 0.576740384 0 0 0 1";
      isRenderEnabled = "false";
      canSave = "1";
      canSaveDynamicFields = "1";
         mode = "Ignore";
   };
   new TSStatic() {
      shapeName = "art/rally/race_rally_finish_checkpoint_yellow.dae";
      dynamic = "0";
      playAmbient = "1";
      meshCulling = "0";
      originSort = "0";
      useInstanceRenderData = "1";
      instanceColor = "White";
      instanceColor1 = "White";
      instanceColor2 = "White";
      collisionType = "Collision Mesh";
      decalType = "Collision Mesh";
      prebuildCollisionData = "0";
      renderNormals = "0";
      forceDetail = "-1";
      position = "808.081665 -488.986176 182.680984";
      scale = "1 1 1";
      rotationMatrix = "0.969555855 0.24487029 0 -0.24487029 0.969555855 0 0 0 1";
      isRenderEnabled = "false";
      canSave = "1";
      canSaveDynamicFields = "1";
         mode = "Ignore";
   };
   new TSStatic() {
      shapeName = "art/rally/race_rally_finish_checkpoint_red.dae";
      dynamic = "0";
      playAmbient = "1";
      meshCulling = "0";
      originSort = "0";
      useInstanceRenderData = "1";
      instanceColor = "White";
      instanceColor1 = "White";
      instanceColor2 = "White";
      collisionType = "Collision Mesh";
      decalType = "Collision Mesh";
      prebuildCollisionData = "0";
      renderNormals = "0";
      forceDetail = "-1";
      position = "765.145508 -424.159363 178.585114";
      scale = "1 1 1";
      rotationMatrix = "0.586608887 0.809475958 -0.0252706148 -0.808725893 0.587152958 0.0348392278 0.0430392362 1.86264515e-09 0.999073386";
      isRenderEnabled = "false";
      canSave = "1";
      canSaveDynamicFields = "1";
         mode = "Ignore";
   };
   new TSStatic() {
      shapeName = "art/rally/race_rally_finish_checkpoint_red.dae";
      dynamic = "0";
      playAmbient = "1";
      meshCulling = "0";
      originSort = "0";
      useInstanceRenderData = "1";
      instanceColor = "White";
      instanceColor1 = "White";
      instanceColor2 = "White";
      collisionType = "Collision Mesh";
      decalType = "Collision Mesh";
      prebuildCollisionData = "0";
      renderNormals = "0";
      forceDetail = "-1";
      position = "768.171082 -422.083679 178.569504";
      scale = "1 1 1";
      rotationMatrix = "0.997415841 0.071844928 0 -0.071844928 0.997415841 0 0 0 1";
      isRenderEnabled = "false";
      canSave = "1";
      canSaveDynamicFields = "1";
         mode = "Ignore";
   };
   new TSStatic() {
      shapeName = "art/rally/race_rally_gate_finish.dae";
      dynamic = "0";
      playAmbient = "1";
      meshCulling = "0";
      originSort = "0";
      useInstanceRenderData = "1";
      instanceColor = "White";
      instanceColor1 = "White";
      instanceColor2 = "White";
      collisionType = "Collision Mesh";
      decalType = "Collision Mesh";
      prebuildCollisionData = "0";
      renderNormals = "0";
      forceDetail = "-1";
      position = "-654.614258 700.040161 146.866943";
      scale = "1 1 1";
      rotationMatrix = "-0.549531102 0.835092843 -0.0252223965 -0.832479417 -0.549865603 -0.0680173934 -0.0706697479 -0.0163805317 0.997365236";
      isRenderEnabled = "false";
      canSave = "1";
      canSaveDynamicFields = "1";
         mode = "Ignore";
   };
   new TSStatic() {
      shapeName = "art/rally/race_rally_gate.dae";
      dynamic = "0";
      playAmbient = "1";
      meshCulling = "0";
      originSort = "0";
      useInstanceRenderData = "1";
      instanceColor = "White";
      instanceColor1 = "White";
      instanceColor2 = "White";
      collisionType = "Collision Mesh";
      decalType = "Collision Mesh";
      prebuildCollisionData = "0";
      renderNormals = "0";
      forceDetail = "-1";
      position = "-567.354309 527.753845 158.913437";
      scale = "1 1 1";
      rotationMatrix = "0.488438487 -0.872568905 -0.00718481094 0.853074729 0.475761771 0.21427685 -0.18355301 -0.11079026 0.976746559";
      isRenderEnabled = "false";
      canSave = "1";
      canSaveDynamicFields = "1";
         mode = "Ignore";
   };
   new TSStatic() {
      shapeName = "art/rally/ut_race_caution_tape_barricade_a.DAE";
      dynamic = "0";
      playAmbient = "1";
      meshCulling = "0";
      originSort = "0";
      useInstanceRenderData = "1";
      instanceColor = "White";
      instanceColor1 = "White";
      instanceColor2 = "White";
      collisionType = "Collision Mesh";
      decalType = "Collision Mesh";
      prebuildCollisionData = "0";
      renderNormals = "0";
      forceDetail = "-1";
      position = "694.09021 748.140564 135.148453";
      scale = "1 1 1";
      rotationMatrix = "0.630468488 0.774055898 -0.0578538105 -0.776214898 0.6287148 -0.0469908752 -1.3038516e-08 0.0745332539 0.997218549";
      isRenderEnabled = "false";
      canSave = "1";
      canSaveDynamicFields = "1";
         mode = "Ignore";
   };
   new TSStatic() {
      shapeName = "art/rally/ut_race_caution_tape_barricade_a.DAE";
      dynamic = "0";
      playAmbient = "1";
      meshCulling = "0";
      originSort = "0";
      useInstanceRenderData = "1";
      instanceColor = "White";
      instanceColor1 = "White";
      instanceColor2 = "White";
      collisionType = "Collision Mesh";
      decalType = "Collision Mesh";
      prebuildCollisionData = "0";
      renderNormals = "0";
      forceDetail = "-1";
      position = "137.404327 669.246887 147.470657";
      scale = "1 1 1";
      rotationMatrix = "0.64840126 0.761298776 0 -0.761298776 0.64840126 0 0 0 1";
      isRenderEnabled = "false";
      canSave = "1";
      canSaveDynamicFields = "1";
         mode = "Ignore";
   };
   new TSStatic() {
      shapeName = "art/rally/ut_race_caution_tape_barricade_a.DAE";
      dynamic = "0";
      playAmbient = "1";
      meshCulling = "0";
      originSort = "0";
      useInstanceRenderData = "1";
      instanceColor = "White";
      instanceColor1 = "White";
      instanceColor2 = "White";
      collisionType = "Collision Mesh";
      decalType = "Collision Mesh";
      prebuildCollisionData = "0";
      renderNormals = "0";
      forceDetail = "-1";
      position = "-40.5098114 703.770813 144.878189";
      scale = "1 1 1";
      rotationMatrix = "0.760217488 0.649668574 0 -0.649668574 0.760217488 0 0 0 1";
      isRenderEnabled = "false";
      canSave = "1";
      canSaveDynamicFields = "1";
         mode = "Ignore";
   };
   new TSStatic() {
      shapeName = "art/rally/ut_race_caution_tape_barricade_a.DAE";
      dynamic = "0";
      playAmbient = "1";
      meshCulling = "0";
      originSort = "0";
      useInstanceRenderData = "1";
      instanceColor = "White";
      instanceColor1 = "White";
      instanceColor2 = "White";
      collisionType = "Collision Mesh";
      decalType = "Collision Mesh";
      prebuildCollisionData = "0";
      renderNormals = "0";
      forceDetail = "-1";
      position = "382.681732 -74.4834442 201.678482";
      scale = "1 1 1";
      rotationMatrix = "0.658445656 0.749074519 -0.0730510876 -0.746520817 0.637678862 -0.189926773 -0.0956862047 0.179590613 0.979076803";
      isRenderEnabled = "false";
      canSave = "1";
      canSaveDynamicFields = "1";
         mode = "Ignore";
   };
   new TSStatic() {
      shapeName = "art/rally/ut_race_caution_tape_barricade_a.DAE";
      dynamic = "0";
      playAmbient = "1";
      meshCulling = "0";
      originSort = "0";
      useInstanceRenderData = "1";
      instanceColor = "White";
      instanceColor1 = "White";
      instanceColor2 = "White";
      collisionType = "Collision Mesh";
      decalType = "Collision Mesh";
      prebuildCollisionData = "0";
      renderNormals = "0";
      forceDetail = "-1";
      position = "391.296997 -81.4665451 203.170441";
      scale = "1 1 1";
      rotationMatrix = "0.61389637 0.784167409 0.0906239748 -0.775760293 0.620549321 -0.114518508 -0.146038324 0 0.989278913";
      isRenderEnabled = "false";
      canSave = "1";
      canSaveDynamicFields = "1";
         mode = "Ignore";
   };
   new TSStatic() {
      shapeName = "art/rally/ut_race_caution_tape_barricade_a.DAE";
      dynamic = "0";
      playAmbient = "1";
      meshCulling = "0";
      originSort = "0";
      useInstanceRenderData = "1";
      instanceColor = "White";
      instanceColor1 = "White";
      instanceColor2 = "White";
      collisionType = "Collision Mesh";
      decalType = "Collision Mesh";
      prebuildCollisionData = "0";
      renderNormals = "0";
      forceDetail = "-1";
      position = "711.325256 617.825317 136.037323";
      scale = "1 1 1";
      rotationMatrix = "0.949367344 -0.314168185 0 0.314168185 0.949367344 0 0 0 1";
      isRenderEnabled = "false";
      canSave = "1";
      canSaveDynamicFields = "1";
         mode = "Ignore";
   };
   new TSStatic() {
      shapeName = "art/rally/ut_race_caution_tape_barricade_a.DAE";
      dynamic = "0";
      playAmbient = "1";
      meshCulling = "0";
      originSort = "0";
      useInstanceRenderData = "1";
      instanceColor = "White";
      instanceColor1 = "White";
      instanceColor2 = "White";
      collisionType = "Collision Mesh";
      decalType = "Collision Mesh";
      prebuildCollisionData = "0";
      renderNormals = "0";
      forceDetail = "-1";
      position = "347.532898 -82.0868149 176.339325";
      scale = "1 1 1";
      rotationMatrix = "0.680214107 0.71359694 0.167594999 -0.732196808 0.650668859 0.201290563 0.0345915109 -0.259633213 0.965087593";
      isRenderEnabled = "false";
      canSave = "1";
      canSaveDynamicFields = "1";
         mode = "Ignore";
   };
   new TSStatic() {
      shapeName = "art/rally/ut_race_caution_tape_barricade_a.DAE";
      dynamic = "0";
      playAmbient = "1";
      meshCulling = "0";
      originSort = "0";
      useInstanceRenderData = "1";
      instanceColor = "White";
      instanceColor1 = "White";
      instanceColor2 = "White";
      collisionType = "Collision Mesh";
      decalType = "Collision Mesh";
      prebuildCollisionData = "0";
      renderNormals = "0";
      forceDetail = "-1";
      position = "349.99765 -79.3506851 176.352188";
      scale = "1 1 1";
      rotationMatrix = "0.568697929 0.709868193 -0.415535808 -0.722633839 0.672494829 0.159847409 0.392916262 0.209375262 0.895421028";
      isRenderEnabled = "false";
      canSave = "1";
      canSaveDynamicFields = "1";
         mode = "Ignore";
   };
   new TSStatic() {
      shapeName = "art/rally/ut_race_caution_tape_barricade_b.DAE";
      dynamic = "0";
      playAmbient = "1";
      meshCulling = "0";
      originSort = "0";
      useInstanceRenderData = "1";
      instanceColor = "White";
      instanceColor1 = "White";
      instanceColor2 = "White";
      collisionType = "Collision Mesh";
      decalType = "Collision Mesh";
      prebuildCollisionData = "0";
      renderNormals = "0";
      forceDetail = "-1";
      position = "351.674286 -80.3118973 176.338577";
      scale = "1 1 1";
      rotationMatrix = "0.678688824 0.716547549 -0.161063001 -0.697184265 0.697538376 0.165452212 0.230901971 -7.4505806e-09 0.972977042";
      isRenderEnabled = "false";
      canSave = "1";
      canSaveDynamicFields = "1";
         mode = "Ignore";
   };
   new TSStatic() {
      shapeName = "art/rally/ut_race_caution_tape_barricade_b.DAE";
      dynamic = "0";
      playAmbient = "1";
      meshCulling = "0";
      originSort = "0";
      useInstanceRenderData = "1";
      instanceColor = "White";
      instanceColor1 = "White";
      instanceColor2 = "White";
      collisionType = "Collision Mesh";
      decalType = "Collision Mesh";
      prebuildCollisionData = "0";
      renderNormals = "0";
      forceDetail = "-1";
      position = "348.961914 -83.5830841 176.191406";
      scale = "1 1 1";
      rotationMatrix = "0.674582362 0.693716228 0.252381384 -0.737138808 0.651343226 0.179939926 -0.0395596325 -0.307424426 0.950749815";
      isRenderEnabled = "false";
      canSave = "1";
      canSaveDynamicFields = "1";
         mode = "Ignore";
   };
   new TSStatic() {
      shapeName = "art/rally/ut_race_caution_tape_barricade_b.DAE";
      dynamic = "0";
      playAmbient = "1";
      meshCulling = "0";
      originSort = "0";
      useInstanceRenderData = "1";
      instanceColor = "White";
      instanceColor1 = "White";
      instanceColor2 = "White";
      collisionType = "Collision Mesh";
      decalType = "Collision Mesh";
      prebuildCollisionData = "0";
      renderNormals = "0";
      forceDetail = "-1";
      position = "343.076721 -72.5346909 178.324265";
      scale = "1 1 1";
      rotationMatrix = "0.633865118 0.750321865 -0.187702447 -0.719441056 0.661072731 0.213043451 0.283936143 -7.4505806e-09 0.958843231";
      isRenderEnabled = "false";
      canSave = "1";
      canSaveDynamicFields = "1";
         mode = "Ignore";
   };
   new TSStatic() {
      shapeName = "art/rally/ut_race_caution_tape_barricade_a.DAE";
      dynamic = "0";
      playAmbient = "1";
      meshCulling = "0";
      originSort = "0";
      useInstanceRenderData = "1";
      instanceColor = "White";
      instanceColor1 = "White";
      instanceColor2 = "White";
      collisionType = "Collision Mesh";
      decalType = "Collision Mesh";
      prebuildCollisionData = "0";
      renderNormals = "0";
      forceDetail = "-1";
      position = "-322.841583 -181.5569 147.394684";
      scale = "1 1 1";
      rotationMatrix = "1 0 0 0 1 0 0 0 1";
      isRenderEnabled = "false";
      canSave = "1";
      canSaveDynamicFields = "1";
         mode = "Ignore";
   };
   new TSStatic() {
      shapeName = "art/rally/ut_race_caution_tape_barricade_a_curve_b.DAE";
      dynamic = "0";
      playAmbient = "1";
      meshCulling = "0";
      originSort = "0";
      useInstanceRenderData = "1";
      instanceColor = "White";
      instanceColor1 = "White";
      instanceColor2 = "White";
      collisionType = "Collision Mesh";
      decalType = "Collision Mesh";
      prebuildCollisionData = "0";
      renderNormals = "0";
      forceDetail = "-1";
      position = "-325.440002 -181.999725 147.442245";
      scale = "1 1 1";
      rotationMatrix = "0.351956785 -0.936016142 0 0.936016142 0.351956785 0 0 0 1";
      isRenderEnabled = "false";
      canSave = "1";
      canSaveDynamicFields = "1";
         mode = "Ignore";
   };
   new TSStatic() {
      shapeName = "art/rally/ut_race_caution_tape_barricade_a_curve_b.DAE";
      dynamic = "0";
      playAmbient = "1";
      meshCulling = "0";
      originSort = "0";
      useInstanceRenderData = "1";
      instanceColor = "White";
      instanceColor1 = "White";
      instanceColor2 = "White";
      collisionType = "Collision Mesh";
      decalType = "Collision Mesh";
      prebuildCollisionData = "0";
      renderNormals = "0";
      forceDetail = "-1";
      position = "-167.009186 -66.8205719 152.994751";
      scale = "1 1 1";
      rotationMatrix = "0.994574845 0 -0.104023367 0 1 0 0.104023367 0 0.994574845";
      isRenderEnabled = "false";
      canSave = "1";
      canSaveDynamicFields = "1";
         mode = "Ignore";
   };
   new TSStatic() {
      shapeName = "art/rally/ut_race_caution_tape_barricade_a.DAE";
      dynamic = "0";
      playAmbient = "1";
      meshCulling = "0";
      originSort = "0";
      useInstanceRenderData = "1";
      instanceColor = "White";
      instanceColor1 = "White";
      instanceColor2 = "White";
      collisionType = "Collision Mesh";
      decalType = "Collision Mesh";
      prebuildCollisionData = "0";
      renderNormals = "0";
      forceDetail = "-1";
      position = "-136.698715 -82.5207291 147.653091";
      scale = "1 1 1";
      rotationMatrix = "-0.274671078 -0.961538255 0 0.961538255 -0.274671078 0 0 0 1";
      isRenderEnabled = "false";
      canSave = "1";
      canSaveDynamicFields = "1";
         mode = "Ignore";
   };
   new TSStatic() {
      shapeName = "art/rally/ut_race_caution_tape_barricade_a.DAE";
      dynamic = "0";
      playAmbient = "1";
      meshCulling = "0";
      originSort = "0";
      useInstanceRenderData = "1";
      instanceColor = "White";
      instanceColor1 = "White";
      instanceColor2 = "White";
      collisionType = "Collision Mesh";
      decalType = "Collision Mesh";
      prebuildCollisionData = "0";
      renderNormals = "0";
      forceDetail = "-1";
      position = "-132.412399 -77.9172592 147.544189";
      scale = "1 1 1";
      rotationMatrix = "0.110937476 0.993827462 0 -0.993827462 0.110937476 0 0 0 1";
      isRenderEnabled = "false";
      canSave = "1";
      canSaveDynamicFields = "1";
         mode = "Ignore";
   };
   new TSStatic() {
      shapeName = "art/rally/ut_race_caution_tape_barricade_a.DAE";
      dynamic = "0";
      playAmbient = "1";
      meshCulling = "0";
      originSort = "0";
      useInstanceRenderData = "1";
      instanceColor = "White";
      instanceColor1 = "White";
      instanceColor2 = "White";
      collisionType = "Collision Mesh";
      decalType = "Collision Mesh";
      prebuildCollisionData = "0";
      renderNormals = "0";
      forceDetail = "-1";
      position = "333.282013 -102.110802 159.153336";
      scale = "1 1 1";
      rotationMatrix = "0.605292559 -0.796003044 0 0.796003044 0.605292559 0 0 0 1";
      isRenderEnabled = "false";
      canSave = "1";
      canSaveDynamicFields = "1";
         mode = "Ignore";
   };
   new TSStatic() {
      shapeName = "art/rally/ut_race_caution_tape_barricade_a_curve_b.DAE";
      dynamic = "0";
      playAmbient = "1";
      meshCulling = "0";
      originSort = "0";
      useInstanceRenderData = "1";
      instanceColor = "White";
      instanceColor1 = "White";
      instanceColor2 = "White";
      collisionType = "Collision Mesh";
      decalType = "Collision Mesh";
      prebuildCollisionData = "0";
      renderNormals = "0";
      forceDetail = "-1";
      position = "-538.441284 538.244812 162.589066";
      scale = "1 1 1";
      rotationMatrix = "0.917957783 0.383207113 0.102497935 -0.380840391 0.923662424 -0.0425241143 -0.110969037 1.86264515e-09 0.993823886";
      isRenderEnabled = "false";
      canSave = "1";
      canSaveDynamicFields = "1";
         mode = "Ignore";
   };
   new TSStatic() {
      shapeName = "art/shapes/buildings/jri_bridge_02_wood.dae";
      dynamic = "0";
      playAmbient = "1";
      meshCulling = "0";
      originSort = "0";
      useInstanceRenderData = "0";
      instanceColor = "White";
      instanceColor1 = "White";
      instanceColor2 = "White";
      collisionType = "Collision Mesh";
      decalType = "Collision Mesh";
      prebuildCollisionData = "0";
      renderNormals = "0";
      forceDetail = "-1";
      position = "203.814529 -167.635101 156.693985";
      scale = "1 1 1";
      rotationMatrix = "-0.521321177 0.848567665 0.0903150812 -0.85310477 -0.515648007 -0.0794924051 -0.020883888 -0.118489325 0.992735684";
      isRenderEnabled = "false";
      canSave = "1";
      canSaveDynamicFields = "1";
         allowPlayerStep = "1";
         mode = "Ignore";
   };
   new TSStatic() {
      shapeName = "art/shapes/buildings/jri_bridge_02_wood.dae";
      dynamic = "0";
      playAmbient = "1";
      meshCulling = "0";
      originSort = "0";
      useInstanceRenderData = "0";
      instanceColor = "White";
      instanceColor1 = "White";
      instanceColor2 = "White";
      collisionType = "Collision Mesh";
      decalType = "Collision Mesh";
      prebuildCollisionData = "0";
      renderNormals = "0";
      forceDetail = "-1";
      position = "343.214447 -75.3718033 177.951706";
      scale = "1 1 1";
      rotationMatrix = "0.670840323 0.741479397 0.013469398 -0.725115299 0.652010381 0.221563041 0.155502275 -0.158400297 0.975053012";
      isRenderEnabled = "false";
      canSave = "1";
      canSaveDynamicFields = "1";
         allowPlayerStep = "1";
         mode = "Ignore";
   };
};
//--- OBJECT WRITE END ---








