//--- OBJECT WRITE BEGIN ---
$ThisPrefab = new SimGroup() {
   canSave = "1";
   canSaveDynamicFields = "1";
      groupPosition = "0 0 0";

   new TSStatic() {
      shapeName = "art/signs_oskier/znakiPoziomyPrawo.dae";
      dynamic = "0";
      playAmbient = "1";
      meshCulling = "0";
      originSort = "0";
      useInstanceRenderData = "1";
      instanceColor = "White";
      instanceColor1 = "White";
      instanceColor2 = "White";
      collisionType = "Collision Mesh";
      decalType = "Collision Mesh";
      prebuildCollisionData = "0";
      renderNormals = "0";
      forceDetail = "-1";
      position = "192.34819 193.966202 37.5398674";
      scale = "1 1 1";
      rotationMatrix = "0.70432049 0.709342897 0.0276665483 -0.7098822 0.703785419 0.0274497997 1.86264515e-09 -0.0389734432 0.99924022";
      isRenderEnabled = "false";
      mode = "Ignore";
      canSave = "1";
      canSaveDynamicFields = "1";
      persistentId = "91246b6d-bd30-4b06-b188-492c433c7f06";
   };
   new TSStatic() {
      shapeName = "art/signs_oskier/znakiPoziomyPrawo.dae";
      dynamic = "0";
      playAmbient = "1";
      meshCulling = "0";
      originSort = "0";
      useInstanceRenderData = "1";
      instanceColor = "White";
      instanceColor1 = "White";
      instanceColor2 = "White";
      collisionType = "Collision Mesh";
      decalType = "Collision Mesh";
      prebuildCollisionData = "0";
      renderNormals = "0";
      forceDetail = "-1";
      position = "-32.6793404 368.35379 31.1676693";
      scale = "1 1 1";
      rotationMatrix = "0.543775916 -0.834831715 -0.085813269 0.824626565 0.55050534 -0.130134284 0.155880898 7.4505806e-09 0.987775862";
      isRenderEnabled = "false";
      mode = "Ignore";
      canSave = "1";
      canSaveDynamicFields = "1";
      persistentId = "d65e7a11-d267-4ace-8816-aeb4311fb4b0";
   };
   new TSStatic() {
      shapeName = "art/signs_oskier/znakiPoziomyLewo.dae";
      dynamic = "0";
      playAmbient = "1";
      meshCulling = "0";
      originSort = "0";
      useInstanceRenderData = "1";
      instanceColor = "White";
      instanceColor1 = "White";
      instanceColor2 = "White";
      collisionType = "Collision Mesh";
      decalType = "Collision Mesh";
      prebuildCollisionData = "0";
      renderNormals = "0";
      forceDetail = "-1";
      position = "2.73924041 379.934174 27.6933765";
      scale = "1 1 1";
      rotationMatrix = "-0.863072276 -0.505080163 0 0.505080163 -0.863072276 0 0 0 1";
      isRenderEnabled = "false";
      mode = "Ignore";
      canSave = "1";
      canSaveDynamicFields = "1";
      persistentId = "3ca6318c-dcb5-4a52-8fe2-fafe4a292ef6";
   };
   new TSStatic() {
      shapeName = "art/signs_oskier/znakiPoziomyLewo.dae";
      dynamic = "0";
      playAmbient = "1";
      meshCulling = "0";
      originSort = "0";
      useInstanceRenderData = "1";
      instanceColor = "White";
      instanceColor1 = "White";
      instanceColor2 = "White";
      collisionType = "Collision Mesh";
      decalType = "Collision Mesh";
      prebuildCollisionData = "0";
      renderNormals = "0";
      forceDetail = "-1";
      position = "-2.33916569 376.59668 28.3113155";
      scale = "1 1 1";
      rotationMatrix = "-0.902839303 -0.429977506 0 0.429977506 -0.902839303 0 0 0 1";
      isRenderEnabled = "false";
      mode = "Ignore";
      canSave = "1";
      canSaveDynamicFields = "1";
      persistentId = "90677838-9b88-47f6-97e2-035b63599ec1";
   };
   new TSStatic() {
      shapeName = "art/signs_oskier/znakiPoziomyPrawo.dae";
      dynamic = "0";
      playAmbient = "1";
      meshCulling = "0";
      originSort = "0";
      useInstanceRenderData = "1";
      instanceColor = "White";
      instanceColor1 = "White";
      instanceColor2 = "White";
      collisionType = "Collision Mesh";
      decalType = "Collision Mesh";
      prebuildCollisionData = "0";
      renderNormals = "0";
      forceDetail = "-1";
      position = "-247.523315 30.2409039 37.6433678";
      scale = "1 1 1";
      rotationMatrix = "-0.999982834 -0.00581037859 0 0.00581037859 -0.999982834 0 0 0 1";
      isRenderEnabled = "false";
      mode = "Ignore";
      canSave = "1";
      canSaveDynamicFields = "1";
      persistentId = "55efc211-70a7-4b96-b85b-f2ca82b3d14d";
   };
   new TSStatic() {
      shapeName = "art/signs_oskier/znakiPoziomyPrawo.dae";
      dynamic = "0";
      playAmbient = "1";
      meshCulling = "0";
      originSort = "0";
      useInstanceRenderData = "1";
      instanceColor = "White";
      instanceColor1 = "White";
      instanceColor2 = "White";
      collisionType = "Collision Mesh";
      decalType = "Collision Mesh";
      prebuildCollisionData = "0";
      renderNormals = "0";
      forceDetail = "-1";
      position = "171.704788 64.5269775 31.423027";
      scale = "1 1 1";
      rotationMatrix = "-0.844218373 -0.535999894 0 0.535999894 -0.844218373 0 0 0 1";
      isRenderEnabled = "false";
      mode = "Ignore";
      canSave = "1";
      canSaveDynamicFields = "1";
      persistentId = "24d8b78a-027a-4723-8830-b5ee96b73227";
   };
   new TSStatic() {
      shapeName = "art/signs_oskier/znakiPoziomyPrawo.dae";
      dynamic = "0";
      playAmbient = "1";
      meshCulling = "0";
      originSort = "0";
      useInstanceRenderData = "1";
      instanceColor = "White";
      instanceColor1 = "White";
      instanceColor2 = "White";
      collisionType = "Collision Mesh";
      decalType = "Collision Mesh";
      prebuildCollisionData = "0";
      renderNormals = "0";
      forceDetail = "-1";
      position = "382.24173 36.0887794 26.2118034";
      scale = "1 1 1";
      rotationMatrix = "-0.246088982 0.969247401 0 -0.969247401 -0.246088982 0 0 0 1";
      isRenderEnabled = "false";
      mode = "Ignore";
      canSave = "1";
      canSaveDynamicFields = "1";
      persistentId = "3feb0c84-eda7-495b-9d19-97efcb0d0e98";
   };
   new TSStatic() {
      shapeName = "art/signs_oskier/znakiPoziomyPrawo.dae";
      dynamic = "0";
      playAmbient = "1";
      meshCulling = "0";
      originSort = "0";
      useInstanceRenderData = "1";
      instanceColor = "White";
      instanceColor1 = "White";
      instanceColor2 = "White";
      collisionType = "Collision Mesh";
      decalType = "Collision Mesh";
      prebuildCollisionData = "0";
      renderNormals = "0";
      forceDetail = "-1";
      position = "-255.773743 -106.995445 40.8972282";
      scale = "1 1 1";
      rotationMatrix = "-0.999934196 0.011569459 0 -0.011569459 -0.999934196 0 0 0 1";
      isRenderEnabled = "false";
      mode = "Ignore";
      canSave = "1";
      canSaveDynamicFields = "1";
      persistentId = "deef8da5-ba7d-46a8-852d-e6c0ef1e74d0";
   };
   new TSStatic() {
      shapeName = "art/rally/ut_race_caution_tape_barricade_a.DAE";
      dynamic = "0";
      playAmbient = "1";
      meshCulling = "0";
      originSort = "0";
      useInstanceRenderData = "1";
      instanceColor = "White";
      instanceColor1 = "White";
      instanceColor2 = "White";
      collisionType = "Collision Mesh";
      decalType = "Collision Mesh";
      prebuildCollisionData = "0";
      renderNormals = "0";
      forceDetail = "-1";
      position = "-53.0203476 169.554504 45.5475197";
      scale = "1 1 1";
      rotationMatrix = "1 0 0 0 1 0 0 0 1";
      isRenderEnabled = "false";
      mode = "Ignore";
      canSave = "1";
      canSaveDynamicFields = "1";
      persistentId = "49d6931e-5cd2-4696-93aa-08ba3e5a0831";
   };
   new TSStatic() {
      shapeName = "art/rally/ut_race_caution_tape_barricade_a_curve_b.DAE";
      dynamic = "0";
      playAmbient = "1";
      meshCulling = "0";
      originSort = "0";
      useInstanceRenderData = "1";
      instanceColor = "White";
      instanceColor1 = "White";
      instanceColor2 = "White";
      collisionType = "Collision Mesh";
      decalType = "Collision Mesh";
      prebuildCollisionData = "0";
      renderNormals = "0";
      forceDetail = "-1";
      position = "28.7071686 -249.760941 68.1576309";
      scale = "1 1 1";
      rotationMatrix = "-0.999887347 0.0147050135 0.00290093478 -0.0149883963 -0.98135078 -0.191638842 2.87832227e-05 -0.191660807 0.981461227";
      isRenderEnabled = "false";
      mode = "Ignore";
      canSave = "1";
      canSaveDynamicFields = "1";
      persistentId = "204b693f-dfa9-49f0-8181-8aa630ff1a6f";
   };
   new TSStatic() {
      shapeName = "art/rally/ut_race_caution_tape_barricade_a.DAE";
      dynamic = "0";
      playAmbient = "1";
      meshCulling = "0";
      originSort = "0";
      useInstanceRenderData = "1";
      instanceColor = "White";
      instanceColor1 = "White";
      instanceColor2 = "White";
      collisionType = "Collision Mesh";
      decalType = "Collision Mesh";
      prebuildCollisionData = "0";
      renderNormals = "0";
      forceDetail = "-1";
      position = "21.3385372 -194.553452 76.6190796";
      scale = "1 1 1";
      rotationMatrix = "0.886689305 -0.460394621 0.0426486954 0.45611608 0.855860472 -0.243846491 0.0757642463 0.235668853 0.968875647";
      isRenderEnabled = "false";
      mode = "Ignore";
      canSave = "1";
      canSaveDynamicFields = "1";
      persistentId = "f497eaab-8064-4d73-9ead-aecdff5fc7bb";
   };
   new TSStatic() {
      shapeName = "art/rally/ut_race_caution_tape_barricade_a_curve.DAE";
      dynamic = "0";
      playAmbient = "1";
      meshCulling = "0";
      originSort = "0";
      useInstanceRenderData = "1";
      instanceColor = "White";
      instanceColor1 = "White";
      instanceColor2 = "White";
      collisionType = "Collision Mesh";
      decalType = "Collision Mesh";
      prebuildCollisionData = "0";
      renderNormals = "0";
      forceDetail = "-1";
      position = "28.9473629 -190.039551 74.7182159";
      scale = "1 1 1";
      rotationMatrix = "0.763834298 0.645279586 -0.013091363 -0.63003844 0.74988699 0.201794505 0.14003095 -0.145889491 0.979340374";
      isRenderEnabled = "false";
      mode = "Ignore";
      canSave = "1";
      canSaveDynamicFields = "1";
      persistentId = "9ec441fe-b354-4a25-9a59-1436d03a61aa";
   };
   new TSStatic() {
      shapeName = "art/rally/ut_race_caution_tape_barricade_a.DAE";
      dynamic = "0";
      playAmbient = "1";
      meshCulling = "0";
      originSort = "0";
      useInstanceRenderData = "1";
      instanceColor = "White";
      instanceColor1 = "White";
      instanceColor2 = "White";
      collisionType = "Collision Mesh";
      decalType = "Collision Mesh";
      prebuildCollisionData = "0";
      renderNormals = "0";
      forceDetail = "-1";
      position = "-121.971642 -245.950378 69.8975525";
      scale = "1 1 1";
      rotationMatrix = "-0.111248374 -0.993772388 -0.00632440485 0.992170453 -0.111428022 0.0564042702 -0.0567577332 -1.86264515e-09 0.998387992";
      isRenderEnabled = "false";
      mode = "Ignore";
      canSave = "1";
      canSaveDynamicFields = "1";
      persistentId = "f2668ebf-ff66-4dc8-b63d-90b4fda5abcc";
   };
   new TSStatic() {
      shapeName = "art/rally/ut_race_caution_tape_barricade_a.DAE";
      dynamic = "0";
      playAmbient = "1";
      meshCulling = "0";
      originSort = "0";
      useInstanceRenderData = "1";
      instanceColor = "White";
      instanceColor1 = "White";
      instanceColor2 = "White";
      collisionType = "Collision Mesh";
      decalType = "Collision Mesh";
      prebuildCollisionData = "0";
      renderNormals = "0";
      forceDetail = "-1";
      position = "-139.412827 -184.550949 64.9213028";
      scale = "1 1 1";
      rotationMatrix = "0.316793561 -0.947139442 -0.0506791361 0.9352476 0.320821643 -0.149616539 0.157966718 0 0.98744446";
      isRenderEnabled = "false";
      mode = "Ignore";
      canSave = "1";
      canSaveDynamicFields = "1";
      persistentId = "f70c61f5-02d1-4036-88ad-40ebb62b4440";
   };
   new Prefab(r563) {
      filename = "rock_formation_07.prefab.json";
      loadMode = "Automatic";
      useGlobalTranslation = "0";
      position = "-267.105652 -114.113235 38.5544281";
      scale = "2 2 2";
      rotationMatrix = "-0.999388456 -0.0349679254 -0.000695810653 0.0349677391 -0.999388695 0.000277615007 -0.00070509268 0.000253114238 0.999999702";
      mode = "Ignore";
      canSave = "1";
      canSaveDynamicFields = "1";
      persistentId = "8098fb45-a758-48e5-a1b3-09dbc7e0f3a7";
   };
   new TSStatic() {
      shapeName = "art/rally/ut_race_caution_tape_barricade_a.DAE";
      dynamic = "0";
      playAmbient = "1";
      meshCulling = "0";
      originSort = "0";
      useInstanceRenderData = "1";
      instanceColor = "White";
      instanceColor1 = "White";
      instanceColor2 = "White";
      collisionType = "Collision Mesh";
      decalType = "Collision Mesh";
      prebuildCollisionData = "0";
      renderNormals = "0";
      forceDetail = "-1";
      position = "-269.233887 -102.666161 42.3516808";
      scale = "1 1 1";
      rotationMatrix = "0.447023749 -0.89312309 -0.0500112846 0.8875857 0.449812591 -0.0992995799 0.111182444 -7.4505806e-09 0.993800044";
      isRenderEnabled = "false";
      mode = "Ignore";
      canSave = "1";
      canSaveDynamicFields = "1";
      persistentId = "1c2ced22-f483-4b22-8c70-cfebb472b78f";
   };
   new TSStatic() {
      shapeName = "art/rally/ut_race_caution_tape_barricade_a.DAE";
      dynamic = "0";
      playAmbient = "1";
      meshCulling = "0";
      originSort = "0";
      useInstanceRenderData = "1";
      instanceColor = "White";
      instanceColor1 = "White";
      instanceColor2 = "White";
      collisionType = "Collision Mesh";
      decalType = "Collision Mesh";
      prebuildCollisionData = "0";
      renderNormals = "0";
      forceDetail = "-1";
      position = "-258.627777 -99.7363281 41.0296707";
      scale = "1 1 1";
      rotationMatrix = "0.0275686383 -0.999619246 -0.00133281574 0.99845314 0.0276008248 -0.0482700914 0.0482884906 -1.86264515e-09 0.998833418";
      isRenderEnabled = "false";
      mode = "Ignore";
      canSave = "1";
      canSaveDynamicFields = "1";
      persistentId = "17e2ff7b-cd05-459b-8b07-6f5bc6147ed4";
   };
   new Prefab(r562) {
      filename = "rock_formation_07.prefab.json";
      loadMode = "Automatic";
      useGlobalTranslation = "0";
      position = "-273.023956 -118.644394 39.389534";
      scale = "2 2 2";
      rotationMatrix = "0.203309536 -0.979114234 -0.000695810711 0.979114473 0.203309357 0.000277615472 -0.000130352506 -0.000737720169 0.999999702";
      mode = "Ignore";
      canSave = "1";
      canSaveDynamicFields = "1";
      persistentId = "76466c52-fef3-4b60-9d53-d54b88e04413";
   };
   new TSStatic() {
      shapeName = "levels/small_island/art/shapes/buildings/si_res_observatory.dae";
      dynamic = "0";
      playAmbient = "1";
      meshCulling = "0";
      originSort = "0";
      useInstanceRenderData = "0";
      instanceColor = "White";
      instanceColor1 = "White";
      instanceColor2 = "White";
      collisionType = "Collision Mesh";
      decalType = "Collision Mesh";
      prebuildCollisionData = "0";
      renderNormals = "0";
      forceDetail = "-1";
      position = "-280.801453 -159.225281 44.656395";
      scale = "1 1 1";
      rotationMatrix = "0.426333725 0.904566169 0 -0.904566169 0.426333725 0 0 0 1";
      isRenderEnabled = "false";
      mode = "Ignore";
      canSave = "1";
      canSaveDynamicFields = "1";
      persistentId = "d4ce3ea9-103b-47f5-81bc-ef178503798b";
   };
   new TSStatic() {
      shapeName = "art/rally/ut_race_caution_tape_barricade_a.DAE";
      dynamic = "0";
      playAmbient = "1";
      meshCulling = "0";
      originSort = "0";
      useInstanceRenderData = "1";
      instanceColor = "White";
      instanceColor1 = "White";
      instanceColor2 = "White";
      collisionType = "Collision Mesh";
      decalType = "Collision Mesh";
      prebuildCollisionData = "0";
      renderNormals = "0";
      forceDetail = "-1";
      position = "-280.583618 -265.193756 37.9106674";
      scale = "1 1 1";
      rotationMatrix = "0.347452104 0.937697828 0 -0.937697828 0.347452104 0 0 0 1";
      isRenderEnabled = "false";
      mode = "Ignore";
      canSave = "1";
      canSaveDynamicFields = "1";
      persistentId = "579d1b5d-8d5b-407b-83a7-d99cb324aed9";
   };
   new TSStatic() {
      shapeName = "art/rally/ut_race_caution_tape_barricade_a.DAE";
      dynamic = "0";
      playAmbient = "1";
      meshCulling = "0";
      originSort = "0";
      useInstanceRenderData = "1";
      instanceColor = "White";
      instanceColor1 = "White";
      instanceColor2 = "White";
      collisionType = "Collision Mesh";
      decalType = "Collision Mesh";
      prebuildCollisionData = "0";
      renderNormals = "0";
      forceDetail = "-1";
      position = "-291.244995 -261.027191 37.9106636";
      scale = "1 1 1";
      rotationMatrix = "0.418367863 0.908188403 -0.0127431015 -0.907767355 0.418561876 0.0276497528 0.0304449573 9.31322575e-10 0.999536455";
      isRenderEnabled = "false";
      mode = "Ignore";
      canSave = "1";
      canSaveDynamicFields = "1";
      persistentId = "c4a42435-cf9e-4533-bd38-491792a7650f";
   };
   new TSStatic() {
      shapeName = "levels/small_island/art/shapes/buildings/si_res_solar_panel_tall.dae";
      dynamic = "0";
      playAmbient = "1";
      meshCulling = "0";
      originSort = "0";
      useInstanceRenderData = "0";
      instanceColor = "White";
      instanceColor1 = "White";
      instanceColor2 = "White";
      collisionType = "Collision Mesh";
      decalType = "None";
      prebuildCollisionData = "0";
      renderNormals = "0";
      forceDetail = "-1";
      position = "-310.27478 -232.629456 40.8036423";
      scale = "1 1 1";
      rotationMatrix = "-0.440420032 0.897792041 0 -0.897792041 -0.440420032 0 0 0 1";
      isRenderEnabled = "false";
      mode = "Ignore";
      canSave = "1";
      canSaveDynamicFields = "1";
      persistentId = "e044b7b7-31a5-4c7e-beae-e155421d9308";
   };
   new TSStatic() {
      shapeName = "levels/small_island/art/shapes/buildings/si_res_solar_panel_tall.dae";
      dynamic = "0";
      playAmbient = "1";
      meshCulling = "0";
      originSort = "0";
      useInstanceRenderData = "0";
      instanceColor = "White";
      instanceColor1 = "White";
      instanceColor2 = "White";
      collisionType = "Collision Mesh";
      decalType = "None";
      prebuildCollisionData = "0";
      renderNormals = "0";
      forceDetail = "-1";
      position = "-309.334229 -236.230362 40.3177223";
      scale = "1 1 1";
      rotationMatrix = "-0.440420032 0.897792041 0 -0.897792041 -0.440420032 0 0 0 1";
      isRenderEnabled = "false";
      mode = "Ignore";
      canSave = "1";
      canSaveDynamicFields = "1";
      persistentId = "ec611931-42de-4c0b-a2bb-33327f54865b";
   };
   new TSStatic() {
      shapeName = "levels/small_island/art/shapes/buildings/si_res_solar_panel_tall.dae";
      dynamic = "0";
      playAmbient = "1";
      meshCulling = "0";
      originSort = "0";
      useInstanceRenderData = "0";
      instanceColor = "White";
      instanceColor1 = "White";
      instanceColor2 = "White";
      collisionType = "Collision Mesh";
      decalType = "None";
      prebuildCollisionData = "0";
      renderNormals = "0";
      forceDetail = "-1";
      position = "-309.033417 -239.683029 39.9725647";
      scale = "1 1 1";
      rotationMatrix = "-0.440420032 0.897792041 0 -0.897792041 -0.440420032 0 0 0 1";
      isRenderEnabled = "false";
      mode = "Ignore";
      canSave = "1";
      canSaveDynamicFields = "1";
      persistentId = "3024c4df-275e-4413-b466-e19d5c5ecb8c";
   };
   new TSStatic() {
      shapeName = "levels/small_island/art/shapes/buildings/si_res_solar_panel_tall.dae";
      dynamic = "0";
      playAmbient = "1";
      meshCulling = "0";
      originSort = "0";
      useInstanceRenderData = "0";
      instanceColor = "White";
      instanceColor1 = "White";
      instanceColor2 = "White";
      collisionType = "Collision Mesh";
      decalType = "None";
      prebuildCollisionData = "0";
      renderNormals = "0";
      forceDetail = "-1";
      position = "-307.586395 -243.494232 39.7235489";
      scale = "1 1 1";
      rotationMatrix = "-0.440420032 0.897792041 0 -0.897792041 -0.440420032 0 0 0 1";
      isRenderEnabled = "false";
      mode = "Ignore";
      canSave = "1";
      canSaveDynamicFields = "1";
      persistentId = "e868fbc4-8d78-493c-af1c-0e0ef4b9ad06";
   };
   new Prefab(res_main_office1) {
      filename = "/levels/small_island/art/prefabs/si_research_building_main_office.prefab.json";
      loadMode = "Automatic";
      useGlobalTranslation = "0";
      position = "-301.755432 -255.944626 38.3108559";
      scale = "1 1 1";
      rotationMatrix = "-0.591332912 0.806428373 0 -0.806428373 -0.591332912 0 0 0 1";
      mode = "Ignore";
      canSave = "1";
      canSaveDynamicFields = "1";
      persistentId = "519d9ca4-ff59-424f-b133-48b39804d182";
   };
   new TSStatic() {
      shapeName = "levels/small_island/art/shapes/buildings/si_res_solar_panel_tall.dae";
      dynamic = "0";
      playAmbient = "1";
      meshCulling = "0";
      originSort = "0";
      useInstanceRenderData = "0";
      instanceColor = "White";
      instanceColor1 = "White";
      instanceColor2 = "White";
      collisionType = "Collision Mesh";
      decalType = "None";
      prebuildCollisionData = "0";
      renderNormals = "0";
      forceDetail = "-1";
      position = "-306.405548 -247.254303 39.4292068";
      scale = "1 1 1";
      rotationMatrix = "-0.440420032 0.897792041 0 -0.897792041 -0.440420032 0 0 0 1";
      isRenderEnabled = "false";
      mode = "Ignore";
      canSave = "1";
      canSaveDynamicFields = "1";
      persistentId = "90f7d497-8055-41a2-bbde-8726088e4b3c";
   };
   new TSStatic() {
      shapeName = "art/rally/ut_race_caution_tape_barricade_a.DAE";
      dynamic = "0";
      playAmbient = "1";
      meshCulling = "0";
      originSort = "0";
      useInstanceRenderData = "1";
      instanceColor = "White";
      instanceColor1 = "White";
      instanceColor2 = "White";
      collisionType = "Collision Mesh";
      decalType = "Collision Mesh";
      prebuildCollisionData = "0";
      renderNormals = "0";
      forceDetail = "-1";
      position = "-159.717789 -322.648376 42.1095848";
      scale = "1 1 1";
      rotationMatrix = "-0.293306708 -0.956018269 0 0.956018269 -0.293306708 0 0 0 1";
      isRenderEnabled = "false";
      mode = "Ignore";
      canSave = "1";
      canSaveDynamicFields = "1";
      persistentId = "d830053d-cb11-41db-ac65-9d4b4b3d7fea";
   };
   new TSStatic() {
      shapeName = "/levels/small_island/art/shapes/misc/containers_40_beamng.dae";
      dynamic = "0";
      playAmbient = "1";
      meshCulling = "0";
      originSort = "0";
      useInstanceRenderData = "1";
      instanceColor = "White";
      instanceColor1 = "White";
      instanceColor2 = "White";
      collisionType = "Collision Mesh";
      decalType = "None";
      prebuildCollisionData = "0";
      renderNormals = "0";
      forceDetail = "-1";
      position = "-163.772766 -332.506287 42.0418701";
      scale = "1 1 1";
      rotationMatrix = "0.259428382 0.958301902 0.119808272 -0.962060452 0.267288923 -0.0547347218 -0.0844758004 -0.101063102 0.991287112";
      isRenderEnabled = "false";
      mode = "Ignore";
      canSave = "1";
      canSaveDynamicFields = "1";
      persistentId = "49c01c7f-fe11-4f57-ae4b-b7ee088936b5";
   };
   new TSStatic() {
      shapeName = "art/rally/ut_race_caution_tape_barricade_a.DAE";
      dynamic = "0";
      playAmbient = "1";
      meshCulling = "0";
      originSort = "0";
      useInstanceRenderData = "1";
      instanceColor = "White";
      instanceColor1 = "White";
      instanceColor2 = "White";
      collisionType = "Collision Mesh";
      decalType = "Collision Mesh";
      prebuildCollisionData = "0";
      renderNormals = "0";
      forceDetail = "-1";
      position = "213.770233 -203.430511 46.4454765";
      scale = "1 1 1";
      rotationMatrix = "0.96610105 -0.256551445 -0.0288115498 0.258164167 0.960065842 0.107818469 -1.86264515e-09 -0.111601651 0.993753016";
      isRenderEnabled = "false";
      mode = "Ignore";
      canSave = "1";
      canSaveDynamicFields = "1";
      persistentId = "a263f271-4e86-495d-844e-26ff64145fcf";
   };
   new TSStatic() {
      shapeName = "art/rally/ut_race_caution_tape_barricade_a.DAE";
      dynamic = "0";
      playAmbient = "1";
      meshCulling = "0";
      originSort = "0";
      useInstanceRenderData = "1";
      instanceColor = "White";
      instanceColor1 = "White";
      instanceColor2 = "White";
      collisionType = "Collision Mesh";
      decalType = "Collision Mesh";
      prebuildCollisionData = "0";
      renderNormals = "0";
      forceDetail = "-1";
      position = "372.137146 36.2325325 26.3427734";
      scale = "1 1 1";
      rotationMatrix = "-0.0683743954 0.997659862 0 -0.997659862 -0.0683743954 0 0 0 1";
      isRenderEnabled = "false";
      mode = "Ignore";
      canSave = "1";
      canSaveDynamicFields = "1";
      persistentId = "9a92bd1e-a7b9-4e1f-8871-21165909b5b0";
   };
   new TSStatic() {
      shapeName = "art/rally/ut_race_caution_tape_barricade_c_curve_b.DAE";
      dynamic = "0";
      playAmbient = "1";
      meshCulling = "0";
      originSort = "0";
      useInstanceRenderData = "1";
      instanceColor = "White";
      instanceColor1 = "White";
      instanceColor2 = "White";
      collisionType = "Collision Mesh";
      decalType = "Collision Mesh";
      prebuildCollisionData = "0";
      renderNormals = "0";
      forceDetail = "-1";
      position = "382.281677 38.2244644 26.2358742";
      scale = "1 1 1";
      rotationMatrix = "-0.401391745 -0.915906787 0 0.915906787 -0.401391745 0 0 0 1";
      isRenderEnabled = "false";
      mode = "Ignore";
      canSave = "1";
      canSaveDynamicFields = "1";
      persistentId = "66c68dd2-557a-4267-af86-8e4d93e5faca";
   };
   new TSStatic() {
      shapeName = "art/rally/ut_race_caution_tape_barricade_c_curve_b.DAE";
      dynamic = "0";
      playAmbient = "1";
      meshCulling = "0";
      originSort = "0";
      useInstanceRenderData = "1";
      instanceColor = "White";
      instanceColor1 = "White";
      instanceColor2 = "White";
      collisionType = "Collision Mesh";
      decalType = "Collision Mesh";
      prebuildCollisionData = "0";
      renderNormals = "0";
      forceDetail = "-1";
      position = "388.246277 44.9743271 26.0205555";
      scale = "1 1 1";
      rotationMatrix = "0.505390584 -0.86289072 0 0.86289072 0.505390584 0 0 0 1";
      isRenderEnabled = "false";
      mode = "Ignore";
      canSave = "1";
      canSaveDynamicFields = "1";
      persistentId = "783c1f60-2201-4cab-998b-d81066b11f43";
   };
   new TSStatic() {
      shapeName = "art/rally/ut_race_caution_tape_barricade_c.DAE";
      dynamic = "0";
      playAmbient = "1";
      meshCulling = "0";
      originSort = "0";
      useInstanceRenderData = "1";
      instanceColor = "White";
      instanceColor1 = "White";
      instanceColor2 = "White";
      collisionType = "Collision Mesh";
      decalType = "Collision Mesh";
      prebuildCollisionData = "0";
      renderNormals = "0";
      forceDetail = "-1";
      position = "388.0065 54.8190041 26.0925293";
      scale = "1 1 1";
      rotationMatrix = "0.962401748 0.271630079 0 -0.271630079 0.962401748 0 0 0 1";
      isRenderEnabled = "false";
      mode = "Ignore";
      canSave = "1";
      canSaveDynamicFields = "1";
      persistentId = "89278295-5dd1-405e-ad7f-e9bc050f32d5";
   };
   new TSStatic() {
      shapeName = "art/rally/ut_race_caution_tape_barricade_c.DAE";
      dynamic = "0";
      playAmbient = "1";
      meshCulling = "0";
      originSort = "0";
      useInstanceRenderData = "1";
      instanceColor = "White";
      instanceColor1 = "White";
      instanceColor2 = "White";
      collisionType = "Collision Mesh";
      decalType = "Collision Mesh";
      prebuildCollisionData = "0";
      renderNormals = "0";
      forceDetail = "-1";
      position = "385.07135 65.0873108 26.0925293";
      scale = "1 1 1";
      rotationMatrix = "0.962401748 0.271630079 0 -0.271630079 0.962401748 0 0 0 1";
      isRenderEnabled = "false";
      mode = "Ignore";
      canSave = "1";
      canSaveDynamicFields = "1";
      persistentId = "f73fb789-6c4e-4faf-9bd3-ca22a749acf5";
   };
   new TSStatic() {
      shapeName = "art/rally/ut_race_caution_tape_barricade_c_curve_b.DAE";
      dynamic = "0";
      playAmbient = "1";
      meshCulling = "0";
      originSort = "0";
      useInstanceRenderData = "1";
      instanceColor = "White";
      instanceColor1 = "White";
      instanceColor2 = "White";
      collisionType = "Collision Mesh";
      decalType = "Collision Mesh";
      prebuildCollisionData = "0";
      renderNormals = "0";
      forceDetail = "-1";
      position = "376.144775 86.2673645 25.9821949";
      scale = "1 1 1";
      rotationMatrix = "0.988614082 0.150473103 0 -0.150473103 0.988614082 0 0 0 1";
      isRenderEnabled = "false";
      mode = "Ignore";
      canSave = "1";
      canSaveDynamicFields = "1";
      persistentId = "784b5117-3a95-47fe-918b-0ba219bc61dc";
   };
   new TSStatic() {
      shapeName = "art/rally/ut_race_caution_tape_barricade_c.DAE";
      dynamic = "0";
      playAmbient = "1";
      meshCulling = "0";
      originSort = "0";
      useInstanceRenderData = "1";
      instanceColor = "White";
      instanceColor1 = "White";
      instanceColor2 = "White";
      collisionType = "Collision Mesh";
      decalType = "Collision Mesh";
      prebuildCollisionData = "0";
      renderNormals = "0";
      forceDetail = "-1";
      position = "382.027954 75.7259216 26.0925293";
      scale = "1 1 1";
      rotationMatrix = "0.962401748 0.271630079 0 -0.271630079 0.962401748 0 0 0 1";
      isRenderEnabled = "false";
      mode = "Ignore";
      canSave = "1";
      canSaveDynamicFields = "1";
      persistentId = "5bdcc1ee-a213-4e4e-a32a-e89b1ed4e6c9";
   };
   new TSStatic() {
      shapeName = "art/rally/ut_race_caution_tape_barricade_c.DAE";
      dynamic = "0";
      playAmbient = "1";
      meshCulling = "0";
      originSort = "0";
      useInstanceRenderData = "1";
      instanceColor = "White";
      instanceColor1 = "White";
      instanceColor2 = "White";
      collisionType = "Collision Mesh";
      decalType = "Collision Mesh";
      prebuildCollisionData = "0";
      renderNormals = "0";
      forceDetail = "-1";
      position = "364.603424 88.4476318 26.0558262";
      scale = "1 1 1";
      rotationMatrix = "0.111626148 -0.993750334 0 0.993750334 0.111626148 0 0 0 1";
      isRenderEnabled = "false";
      mode = "Ignore";
      canSave = "1";
      canSaveDynamicFields = "1";
      persistentId = "50085fdb-3260-4b31-8a75-7fbcd499dd03";
   };
   new Prefab(r561) {
      filename = "rock_formation_01.prefab.json";
      loadMode = "Automatic";
      useGlobalTranslation = "0";
      position = "369.597748 59.7556 27.4466591";
      scale = "1.39999998 1.39999998 1.39999998";
      rotationMatrix = "-0.0840297937 0.99646306 -0.000215467488 -0.99646306 -0.0840297937 0.000103819155 8.53462407e-05 0.00022342935 1";
      mode = "Ignore";
      canSave = "1";
      canSaveDynamicFields = "1";
      persistentId = "3cc03e7a-90e3-4547-8d12-17cb8f8eaebf";
   };
   new TSStatic() {
      shapeName = "art/rally/ut_race_caution_tape_barricade_a.DAE";
      dynamic = "0";
      playAmbient = "1";
      meshCulling = "0";
      originSort = "0";
      useInstanceRenderData = "1";
      instanceColor = "White";
      instanceColor1 = "White";
      instanceColor2 = "White";
      collisionType = "Collision Mesh";
      decalType = "Collision Mesh";
      prebuildCollisionData = "0";
      renderNormals = "0";
      forceDetail = "-1";
      position = "370.415833 68.9601746 26.837183";
      scale = "1 1 1";
      rotationMatrix = "0.939025402 0.343847722 0 -0.343847722 0.939025402 0 0 0 1";
      isRenderEnabled = "false";
      mode = "Ignore";
      canSave = "1";
      canSaveDynamicFields = "1";
      persistentId = "d1a68ca0-bfe9-4028-b11a-e5a36b803808";
   };
   new TSStatic() {
      shapeName = "art/rally/ut_race_caution_tape_barricade_a.DAE";
      dynamic = "0";
      playAmbient = "1";
      meshCulling = "0";
      originSort = "0";
      useInstanceRenderData = "1";
      instanceColor = "White";
      instanceColor1 = "White";
      instanceColor2 = "White";
      collisionType = "Collision Mesh";
      decalType = "Collision Mesh";
      prebuildCollisionData = "0";
      renderNormals = "0";
      forceDetail = "-1";
      position = "228.308273 24.3654423 42.8394966";
      scale = "1 1 1";
      rotationMatrix = "0.488714576 -0.872443616 0 0.872443616 0.488714576 0 0 0 1";
      isRenderEnabled = "false";
      mode = "Ignore";
      canSave = "1";
      canSaveDynamicFields = "1";
      persistentId = "18c24983-c715-49ab-a1af-ad35de548af6";
   };
   new TSStatic() {
      shapeName = "/levels/small_island/art/shapes/buildings/si_small_shack.DAE";
      dynamic = "0";
      playAmbient = "1";
      meshCulling = "0";
      originSort = "0";
      useInstanceRenderData = "0";
      instanceColor = "White";
      instanceColor1 = "White";
      instanceColor2 = "White";
      collisionType = "Collision Mesh";
      decalType = "Collision Mesh";
      prebuildCollisionData = "0";
      renderNormals = "0";
      forceDetail = "-1";
      position = "365.562317 74.8430099 27.4566154";
      scale = "1 1 1";
      rotationMatrix = "0.810709596 -0.585448444 0 0.585448444 0.810709596 0 0 0 1";
      isRenderEnabled = "false";
      mode = "Ignore";
      canSave = "1";
      canSaveDynamicFields = "1";
      persistentId = "81151ddb-7f90-41cd-965e-881495638454";
   };
   new TSStatic() {
      shapeName = "levels/small_island/art/shapes/buildings/si_res_observatory.dae";
      dynamic = "0";
      playAmbient = "1";
      meshCulling = "0";
      originSort = "0";
      useInstanceRenderData = "0";
      instanceColor = "White";
      instanceColor1 = "White";
      instanceColor2 = "White";
      collisionType = "Collision Mesh";
      decalType = "Collision Mesh";
      prebuildCollisionData = "0";
      renderNormals = "0";
      forceDetail = "-1";
      position = "164.979645 38.9677887 34.0628586";
      scale = "1 1 1";
      rotationMatrix = "-0.335088372 -0.942186892 0 0.942186892 -0.335088372 0 0 0 1";
      isRenderEnabled = "false";
      mode = "Ignore";
      canSave = "1";
      canSaveDynamicFields = "1";
      persistentId = "acd8d80b-1dd1-41a7-8ca3-630d6e580e4a";
   };
   new TSStatic(res_banding_office1) {
      shapeName = "/levels/small_island/art/shapes/buildings/si_res_small_building.dae";
      dynamic = "0";
      playAmbient = "1";
      meshCulling = "0";
      originSort = "0";
      useInstanceRenderData = "0";
      instanceColor = "White";
      instanceColor1 = "White";
      instanceColor2 = "White";
      collisionType = "Collision Mesh";
      decalType = "Collision Mesh";
      prebuildCollisionData = "0";
      renderNormals = "0";
      forceDetail = "-1";
      position = "166.353516 23.7809715 34.9209747";
      scale = "1 1 1";
      rotationMatrix = "0.130505025 -0.991447866 2.61934474e-10 0.991447628 0.130505025 -0.000690534012 0.000684628263 9.01185849e-05 0.999999762";
      isRenderEnabled = "false";
      mode = "Ignore";
      canSave = "1";
      canSaveDynamicFields = "1";
      persistentId = "e6452956-c2fc-40c0-827a-d4dc204fe75d";
   };
   new TSStatic() {
      shapeName = "art/rally/ut_race_caution_tape_barricade_a_curve_b.DAE";
      dynamic = "0";
      playAmbient = "1";
      meshCulling = "0";
      originSort = "0";
      useInstanceRenderData = "1";
      instanceColor = "White";
      instanceColor1 = "White";
      instanceColor2 = "White";
      collisionType = "Collision Mesh";
      decalType = "Collision Mesh";
      prebuildCollisionData = "0";
      renderNormals = "0";
      forceDetail = "-1";
      position = "169.126862 38.3273468 35.1217041";
      scale = "1 1 1";
      rotationMatrix = "-0.895135641 0.440105498 -0.0709958673 -0.445795119 -0.883711219 0.142556325 3.7252903e-09 0.159256771 0.987237215";
      isRenderEnabled = "false";
      mode = "Ignore";
      canSave = "1";
      canSaveDynamicFields = "1";
      persistentId = "e3874209-eaf8-4e3d-a428-f7aa0ba81c8f";
   };
   new TSStatic() {
      shapeName = "art/rally/ut_race_caution_tape_barricade_a.DAE";
      dynamic = "0";
      playAmbient = "1";
      meshCulling = "0";
      originSort = "0";
      useInstanceRenderData = "1";
      instanceColor = "White";
      instanceColor1 = "White";
      instanceColor2 = "White";
      collisionType = "Collision Mesh";
      decalType = "Collision Mesh";
      prebuildCollisionData = "0";
      renderNormals = "0";
      forceDetail = "-1";
      position = "172.164658 28.1820641 36.2870102";
      scale = "1 1 1";
      rotationMatrix = "1 0 0 0 1 0 0 0 1";
      isRenderEnabled = "false";
      mode = "Ignore";
      canSave = "1";
      canSaveDynamicFields = "1";
      persistentId = "669dac5d-af2b-4f05-991a-a219d29b5f22";
   };
   new TSStatic() {
      shapeName = "art/rally/ut_race_caution_tape_barricade_a.DAE";
      dynamic = "0";
      playAmbient = "1";
      meshCulling = "0";
      originSort = "0";
      useInstanceRenderData = "1";
      instanceColor = "White";
      instanceColor1 = "White";
      instanceColor2 = "White";
      collisionType = "Collision Mesh";
      decalType = "Collision Mesh";
      prebuildCollisionData = "0";
      renderNormals = "0";
      forceDetail = "-1";
      position = "165.131149 58.9762802 32.0637131";
      scale = "1 1 1";
      rotationMatrix = "0.75081712 -0.660510242 0 0.660510242 0.75081712 0 0 0 1";
      isRenderEnabled = "false";
      mode = "Ignore";
      canSave = "1";
      canSaveDynamicFields = "1";
      persistentId = "5e03c7e7-830c-428c-87dd-8396420f2110";
   };
   new TSStatic() {
      shapeName = "art/rally/ut_race_caution_tape_barricade_a.DAE";
      dynamic = "0";
      playAmbient = "1";
      meshCulling = "0";
      originSort = "0";
      useInstanceRenderData = "1";
      instanceColor = "White";
      instanceColor1 = "White";
      instanceColor2 = "White";
      collisionType = "Collision Mesh";
      decalType = "Collision Mesh";
      prebuildCollisionData = "0";
      renderNormals = "0";
      forceDetail = "-1";
      position = "175.56694 53.7748108 32.9635124";
      scale = "1 1 1";
      rotationMatrix = "1 0 0 0 0.990136743 -0.140104562 0 0.140104562 0.990136743";
      isRenderEnabled = "false";
      mode = "Ignore";
      canSave = "1";
