{"internalName":"bail11","class":"BeamNGVehicle","persistentId":"13d58b2c-6c75-4dcb-8887-6cc6d3886483","__parent":"mainPrefab_group","position":[346.589203,72.8072128,133.998962],"autoEnterVehicle":"true","dataBlock":"default_vehicle","isRenderEnabled":false,"jBeam":"haybale","licenseDesign":"vehicles/common/licenseplates/automation_test_track/licensePlate-default.json","licenseFormats":"[\"30-15\"]","licenseText":"HighDef","metallicPaintData":[[0.200000003,0.5,0.800000012,0],[0.200000003,0.5,0.800000012,0],[0.200000003,0.5,0.800000012,0],null],"partConfig":"vehicles/haybale/round_alt.pc","rotationMatrix":[-0.952800512,0.303308576,0.0132300146,-0.302954048,-0.952714086,0.0235502608,0.0197474174,0.018430613,0.9996351]}
{"internalName":"bail5","class":"BeamNGVehicle","persistentId":"1b9c900a-606f-4133-877f-400223268178","__parent":"mainPrefab_group","position":[47.5508804,-420.388611,123.090584],"autoEnterVehicle":"true","dataBlock":"default_vehicle","isRenderEnabled":false,"jBeam":"haybale","licenseDesign":"vehicles/common/licenseplates/automation_test_track/licensePlate-default.json","licenseFormats":"[\"30-15\"]","licenseText":"HighDef","metallicPaintData":[[0.200000003,0.5,0.800000012,0],[0.200000003,0.5,0.800000012,0],[0.200000003,0.5,0.800000012,0],null],"partConfig":"vehicles/haybale/round_alt.pc","rotationMatrix":[-0.952800512,0.303308576,0.0132300146,-0.302954048,-0.952714086,0.0235502608,0.0197474174,0.018430613,0.9996351]}
{"internalName":"bail4","class":"BeamNGVehicle","persistentId":"26da2725-ac6a-4109-8d7c-01571ba3005a","__parent":"mainPrefab_group","position":[45.0337067,-364.517944,123.084396],"autoEnterVehicle":"true","dataBlock":"default_vehicle","isRenderEnabled":false,"jBeam":"haybale","licenseDesign":"vehicles/common/licenseplates/automation_test_track/licensePlate-default.json","licenseFormats":"[\"30-15\"]","licenseText":"HighDef","metallicPaintData":[[0.200000003,0.5,0.800000012,0],[0.200000003,0.5,0.800000012,0],[0.200000003,0.5,0.800000012,0],null],"partConfig":"vehicles/haybale/round_alt.pc","rotationMatrix":[-0.952800512,0.303308576,0.0132300146,-0.302954048,-0.952714086,0.0235502608,0.0197474174,0.018430613,0.9996351]}
{"internalName":"bail10","class":"BeamNGVehicle","persistentId":"2982ae6b-9141-411f-b64a-414fd858aa7b","__parent":"mainPrefab_group","position":[301.334412,63.0421677,134.034546],"autoEnterVehicle":"true","dataBlock":"default_vehicle","isRenderEnabled":false,"jBeam":"haybale","licenseDesign":"vehicles/common/licenseplates/automation_test_track/licensePlate-default.json","licenseFormats":"[\"30-15\"]","licenseText":"HighDef","metallicPaintData":[[0.200000003,0.5,0.800000012,0],[0.200000003,0.5,0.800000012,0],[0.200000003,0.5,0.800000012,0],null],"partConfig":"vehicles/haybale/round_alt.pc","rotationMatrix":[-0.952800512,0.303308576,0.0132300146,-0.302954048,-0.952714086,0.0235502608,0.0197474174,0.018430613,0.9996351]}
{"internalName":"bail9","class":"BeamNGVehicle","persistentId":"30745bef-fff9-4f9e-b4c2-e816d9313e02","__parent":"mainPrefab_group","position":[343.913025,-12.4748535,134.014542],"autoEnterVehicle":"true","dataBlock":"default_vehicle","isRenderEnabled":false,"jBeam":"haybale","licenseDesign":"vehicles/common/licenseplates/automation_test_track/licensePlate-default.json","licenseFormats":"[\"30-15\"]","licenseText":"HighDef","metallicPaintData":[[0.200000003,0.5,0.800000012,0],[0.200000003,0.5,0.800000012,0],[0.200000003,0.5,0.800000012,0],null],"partConfig":"vehicles/haybale/round_alt.pc","rotationMatrix":[-0.952800512,0.303308576,0.0132300146,-0.302954048,-0.952714086,0.0235502608,0.0197474174,0.018430613,0.9996351]}
{"internalName":"bail3","class":"BeamNGVehicle","persistentId":"32465fa4-c298-439e-9cc9-7c1dfc6069b0","__parent":"mainPrefab_group","position":[67.6983566,-438.719574,123.084396],"autoEnterVehicle":"true","dataBlock":"default_vehicle","isRenderEnabled":false,"jBeam":"haybale","licenseDesign":"vehicles/common/licenseplates/automation_test_track/licensePlate-default.json","licenseFormats":"[\"30-15\"]","licenseText":"HighDef","metallicPaintData":[[0.200000003,0.5,0.800000012,0],[0.200000003,0.5,0.800000012,0],[0.200000003,0.5,0.800000012,0],null],"partConfig":"vehicles/haybale/round_alt.pc","rotationMatrix":[-0.952800512,0.303308576,0.0132300146,-0.302954048,-0.952714086,0.0235502608,0.0197474174,0.018430613,0.9996351]}
{"internalName":"bail12","class":"BeamNGVehicle","persistentId":"6fad6552-b16b-43b7-9c06-436b30e427b2","__parent":"mainPrefab_group","position":[125.201042,100.856506,128.802704],"autoEnterVehicle":"true","dataBlock":"default_vehicle","isRenderEnabled":false,"jBeam":"haybale","licenseDesign":"vehicles/common/licenseplates/automation_test_track/licensePlate-default.json","licenseFormats":"[\"30-15\"]","licenseText":"HighDef","metallicPaintData":[[0.200000003,0.5,0.800000012,0],[0.200000003,0.5,0.800000012,0],[0.200000003,0.5,0.800000012,0],null],"partConfig":"vehicles/haybale/round_alt.pc","rotationMatrix":[-0.952800512,0.303308576,0.0132300146,-0.302954048,-0.952714086,0.0235502608,0.0197474174,0.018430613,0.9996351]}
{"internalName":"bail10","class":"BeamNGVehicle","persistentId":"73279d60-8617-4bcf-a1b2-b0540cf2e92d","__parent":"mainPrefab_group","position":[321.887909,45.912281,134.034546],"autoEnterVehicle":"true","dataBlock":"default_vehicle","isRenderEnabled":false,"jBeam":"haybale","licenseDesign":"vehicles/common/licenseplates/automation_test_track/licensePlate-default.json","licenseFormats":"[\"30-15\"]","licenseText":"HighDef","metallicPaintData":[[0.200000003,0.5,0.800000012,0],[0.200000003,0.5,0.800000012,0],[0.200000003,0.5,0.800000012,0],null],"partConfig":"vehicles/haybale/round_alt.pc","rotationMatrix":[-0.952800512,0.303308576,0.0132300146,-0.302954048,-0.952714086,0.0235502608,0.0197474174,0.018430613,0.9996351]}
{"internalName":"bail7","class":"BeamNGVehicle","persistentId":"75c3f739-fea3-49b9-81d1-c3104cfed235","__parent":"mainPrefab_group","position":[45.7835999,-427.724121,123.084389],"autoEnterVehicle":"true","dataBlock":"default_vehicle","isRenderEnabled":false,"jBeam":"haybale","licenseDesign":"vehicles/common/licenseplates/automation_test_track/licensePlate-default.json","licenseFormats":"[\"30-15\"]","licenseText":"HighDef","metallicPaintData":[[0.200000003,0.5,0.800000012,0],[0.200000003,0.5,0.800000012,0],[0.200000003,0.5,0.800000012,0],null],"partConfig":"vehicles/haybale/round_alt.pc","rotationMatrix":[-0.952800512,0.303308576,0.0132300146,-0.302954048,-0.952714086,0.0235502608,0.0197474174,0.018430613,0.9996351]}
{"internalName":"bail1","class":"BeamNGVehicle","persistentId":"79e49ec7-d80b-40e6-bc54-ab53f2688b95","__parent":"mainPrefab_group","position":[-96.5114899,-11.7566204,119.277481],"autoEnterVehicle":"true","dataBlock":"default_vehicle","isRenderEnabled":false,"jBeam":"haybale","licenseDesign":"vehicles/common/licenseplates/automation_test_track/licensePlate-default.json","licenseFormats":"[\"30-15\"]","licenseText":"HighDef","metallicPaintData":[[0.200000003,0.5,0.800000012,0],[0.200000003,0.5,0.800000012,0],[0.200000003,0.5,0.800000012,0],null],"partConfig":"vehicles/haybale/round_alt.pc","rotationMatrix":[-0.952800512,0.303308576,0.0132300146,-0.302954048,-0.952714086,0.0235502608,0.0197474174,0.018430613,0.9996351]}
{"internalName":"bail2","class":"BeamNGVehicle","persistentId":"87bbf47b-1e48-436d-8a4a-e3103b281c70","__parent":"mainPrefab_group","position":[104.726669,-455.472565,123.074539],"autoEnterVehicle":"true","dataBlock":"default_vehicle","isRenderEnabled":false,"jBeam":"haybale","licenseDesign":"vehicles/common/licenseplates/automation_test_track/licensePlate-default.json","licenseFormats":"[\"30-15\"]","licenseText":"HighDef","metallicPaintData":[[0.200000003,0.5,0.800000012,0],[0.200000003,0.5,0.800000012,0],[0.200000003,0.5,0.800000012,0],null],"partConfig":"vehicles/haybale/round_alt.pc","rotationMatrix":[-0.952800512,0.303308576,0.0132300146,-0.302954048,-0.952714086,0.0235502608,0.0197474174,0.018430613,0.9996351]}
{"internalName":"bail13","class":"BeamNGVehicle","persistentId":"8d100ca8-5356-438b-8a67-0403db70f379","__parent":"mainPrefab_group","position":[-457.859314,-90.1579056,117.109245],"autoEnterVehicle":"true","dataBlock":"default_vehicle","isRenderEnabled":false,"jBeam":"haybale","licenseDesign":"vehicles/common/licenseplates/automation_test_track/licensePlate-default.json","licenseFormats":"[\"30-15\"]","licenseText":"HighDef","metallicPaintData":[[0.200000003,0.5,0.800000012,0],[0.200000003,0.5,0.800000012,0],[0.200000003,0.5,0.800000012,0],null],"partConfig":"vehicles/haybale/round_alt.pc","rotationMatrix":[-0.952800512,0.303308576,0.0132300146,-0.302954048,-0.952714086,0.0235502608,0.0197474174,0.018430613,0.9996351]}
{"internalName":"bail12","class":"BeamNGVehicle","persistentId":"aab63fb1-75ea-4053-a56d-b043992b8dbe","__parent":"mainPrefab_group","position":[108.894699,97.3516388,128.41008],"autoEnterVehicle":"true","dataBlock":"default_vehicle","isRenderEnabled":false,"jBeam":"haybale","licenseDesign":"vehicles/common/licenseplates/automation_test_track/licensePlate-default.json","licenseFormats":"[\"30-15\"]","licenseText":"HighDef","metallicPaintData":[[0.200000003,0.5,0.800000012,0],[0.200000003,0.5,0.800000012,0],[0.200000003,0.5,0.800000012,0],null],"partConfig":"vehicles/haybale/round_alt.pc","rotationMatrix":[-0.952800512,0.303308576,0.0132300146,-0.302954048,-0.952714086,0.0235502608,0.0197474174,0.018430613,0.9996351]}
{"internalName":"bail1","class":"BeamNGVehicle","persistentId":"abc1f5bd-0e62-4b8d-b2d0-214da6fb70cf","__parent":"mainPrefab_group","position":[-174.007111,-134.993851,117.447395],"autoEnterVehicle":"true","dataBlock":"default_vehicle","isRenderEnabled":false,"jBeam":"haybale","licenseDesign":"vehicles/common/licenseplates/automation_test_track/licensePlate-default.json","licenseFormats":"[\"30-15\"]","licenseText":"HighDef","metallicPaintData":[[0.200000003,0.5,0.800000012,0],[0.200000003,0.5,0.800000012,0],[0.200000003,0.5,0.800000012,0],null],"partConfig":"vehicles/haybale/round_alt.pc","rotationMatrix":[-0.952800512,0.303308576,0.0132300146,-0.302954048,-0.952714086,0.0235502608,0.0197474174,0.018430613,0.9996351]}
{"internalName":"bail4","class":"BeamNGVehicle","persistentId":"b1471ac9-6889-4387-8b0d-64e61145b069","__parent":"mainPrefab_group","position":[61.2279205,-376.223602,123.084396],"autoEnterVehicle":"true","dataBlock":"default_vehicle","isRenderEnabled":false,"jBeam":"haybale","licenseDesign":"vehicles/common/licenseplates/automation_test_track/licensePlate-default.json","licenseFormats":"[\"30-15\"]","licenseText":"HighDef","metallicPaintData":[[0.200000003,0.5,0.800000012,0],[0.200000003,0.5,0.800000012,0],[0.200000003,0.5,0.800000012,0],null],"partConfig":"vehicles/haybale/round_alt.pc","rotationMatrix":[-0.952800512,0.303308576,0.0132300146,-0.302954048,-0.952714086,0.0235502608,0.0197474174,0.018430613,0.9996351]}
{"internalName":"bail10","class":"BeamNGVehicle","persistentId":"d63de81c-cc57-4173-9ac9-2ae8c4cb7261","__parent":"mainPrefab_group","position":[311.798462,-11.4360752,134.034546],"autoEnterVehicle":"true","dataBlock":"default_vehicle","isRenderEnabled":false,"jBeam":"haybale","licenseDesign":"vehicles/common/licenseplates/automation_test_track/licensePlate-default.json","licenseFormats":"[\"30-15\"]","licenseText":"HighDef","metallicPaintData":[[0.200000003,0.5,0.800000012,0],[0.200000003,0.5,0.800000012,0],[0.200000003,0.5,0.800000012,0],null],"partConfig":"vehicles/haybale/round_alt.pc","rotationMatrix":[-0.952800512,0.303308576,0.0132300146,-0.302954048,-0.952714086,0.0235502608,0.0197474174,0.018430613,0.9996351]}
{"internalName":"bail10","class":"BeamNGVehicle","persistentId":"e0fdd4f9-516d-458a-b281-515fd893b9bb","__parent":"mainPrefab_group","position":[327.218262,25.5494499,134.034546],"autoEnterVehicle":"true","dataBlock":"default_vehicle","isRenderEnabled":false,"jBeam":"haybale","licenseDesign":"vehicles/common/licenseplates/automation_test_track/licensePlate-default.json","licenseFormats":"[\"30-15\"]","licenseText":"HighDef","metallicPaintData":[[0.200000003,0.5,0.800000012,0],[0.200000003,0.5,0.800000012,0],[0.200000003,0.5,0.800000012,0],null],"partConfig":"vehicles/haybale/round_alt.pc","rotationMatrix":[-0.952800512,0.303308576,0.0132300146,-0.302954048,-0.952714086,0.0235502608,0.0197474174,0.018430613,0.9996351]}
{"internalName":"bail8","class":"BeamNGVehicle","persistentId":"f20016c2-808c-4d4f-91b9-8d6623620449","__parent":"mainPrefab_group","position":[42.3604431,-430.393066,123.075218],"autoEnterVehicle":"true","dataBlock":"default_vehicle","isRenderEnabled":false,"jBeam":"haybale","licenseDesign":"vehicles/common/licenseplates/automation_test_track/licensePlate-default.json","licenseFormats":"[\"30-15\"]","licenseText":"HighDef","metallicPaintData":[[0.200000003,0.5,0.800000012,0],[0.200000003,0.5,0.800000012,0],[0.200000003,0.5,0.800000012,0],null],"partConfig":"vehicles/haybale/round_alt.pc","rotationMatrix":[-0.952800512,0.303308576,0.0132300146,-0.302954048,-0.952714086,0.0235502608,0.0197474174,0.018430613,0.9996351]}
{"internalName":"bail6","class":"BeamNGVehicle","persistentId":"f28ec51f-fe64-45de-a414-4d27fb76544d","__parent":"mainPrefab_group","position":[43.8049469,-423.394501,123.084389],"autoEnterVehicle":"true","dataBlock":"default_vehicle","isRenderEnabled":false,"jBeam":"haybale","licenseDesign":"vehicles/common/licenseplates/automation_test_track/licensePlate-default.json","licenseFormats":"[\"30-15\"]","licenseText":"HighDef","metallicPaintData":[[0.200000003,0.5,0.800000012,0],[0.200000003,0.5,0.800000012,0],[0.200000003,0.5,0.800000012,0],null],"partConfig":"vehicles/haybale/round_alt.pc","rotationMatrix":[-0.952800512,0.303308576,0.0132300146,-0.302954048,-0.952714086,0.0235502608,0.0197474174,0.018430613,0.9996351]}
{"internalName":"bail12","class":"BeamNGVehicle","persistentId":"fb556e1b-56a9-4b23-845a-d4856d97fe98","__parent":"mainPrefab_group","position":[155.860382,52.8301811,125.530182],"autoEnterVehicle":"true","dataBlock":"default_vehicle","isRenderEnabled":false,"jBeam":"haybale","licenseDesign":"vehicles/common/licenseplates/automation_test_track/licensePlate-default.json","licenseFormats":"[\"30-15\"]","licenseText":"HighDef","metallicPaintData":[[0.200000003,0.5,0.800000012,0],[0.200000003,0.5,0.800000012,0],[0.200000003,0.5,0.800000012,0],null],"partConfig":"vehicles/haybale/round_alt.pc","rotationMatrix":[-0.952800512,0.303308576,0.0132300146,-0.302954048,-0.952714086,0.0235502608,0.0197474174,0.018430613,0.9996351]}
{"name":"mainPrefab_group","class":"SimGroup","persistentId":"542f8ce8-ed5d-4e6a-b09d-897125ef6dd8","groupPosition":"0 0 0"}
{"class":"TSStatic","persistentId":"00cadb0a-e642-4349-b09e-ea144706a4ea","__parent":"mainPrefab_group","position":[-142.288818,-71.0714569,117.180176],"isRenderEnabled":false,"rotationMatrix":[-0.075267911,0.997091234,-0.0119908527,-0.997163355,-0.0752624273,0.000905093271,-4.65661287e-10,0.0120249633,0.9999277],"shapeName":"/art/shapes/garage_and_dealership/Clutter/hr_plasticbarrier_red.DAE","useInstanceRenderData":true}
{"class":"TSStatic","persistentId":"017cca91-97ba-45ef-9632-5c93b856c942","__parent":"mainPrefab_group","position":[104.336403,-359.186066,123.094543],"isRenderEnabled":false,"rotationMatrix":[0.913310647,0.407263607,-6.19728943e-17,-0.407263607,0.913310647,1.61723709e-16,1.22464685e-16,-1.22464685e-16,1],"shapeName":"/art/shapes/garage_and_dealership/Clutter/hr_plasticbarrier_red.DAE","useInstanceRenderData":true}
{"class":"TSStatic","persistentId":"019270a2-2e93-4f9a-aa1b-80b67f6f0a14","__parent":"mainPrefab_group","position":[119.138733,-437.992737,123.142784],"isRenderEnabled":false,"rotationMatrix":[0.0865840912,0.996240735,-0.00270478707,-0.995925307,0.0866247416,0.025072962,0.0252130106,0.00052284915,0.99968195],"shapeName":"/levels/automation_test_track/art/shapes/objects/barrierfence_concrete_painted.dae","useInstanceRenderData":true}
{"class":"TSStatic","persistentId":"021b16bd-69cd-4d97-9ad4-78724347a89c","__parent":"mainPrefab_group","position":[69.1583939,-377.601318,123.094543],"isRenderEnabled":false,"rotationMatrix":[0.165430129,0.986221492,1.00517956e-16,-0.986221492,0.165430129,1.4103665e-16,1.22464685e-16,-1.22464685e-16,1],"shapeName":"/art/shapes/garage_and_dealership/Clutter/hr_plasticbarrier_red.DAE","useInstanceRenderData":true}
{"class":"TSStatic","persistentId":"02a794fb-28f0-4767-85b0-4647f771a630","__parent":"mainPrefab_group","position":[118.55024,-331.393677,123.094543],"isRenderEnabled":false,"rotationMatrix":[0.00508439541,0.999987125,1.21840448e-16,-0.999987125,0.00508439541,1.23085759e-16,1.22464685e-16,-1.22464698e-16,1],"shapeName":"/levels/automation_test_track/art/shapes/objects/barrierfence_concrete_painted.dae","useInstanceRenderData":true}
{"class":"TSStatic","persistentId":"02b1c7c8-6676-4f2d-b19d-d8efbb7049c4","__parent":"mainPrefab_group","position":[109.829491,-356.065369,123.094543],"isRenderEnabled":false,"rotationMatrix":[0.789579809,0.613647878,-2.15454477e-17,-0.613647878,0.789579809,1.71845833e-16,1.22464685e-16,-1.22464685e-16,1],"shapeName":"/art/shapes/garage_and_dealership/Clutter/hr_plasticbarrier_red.DAE","useInstanceRenderData":true}
{"class":"TSStatic","persistentId":"03fe276a-2a85-4d46-a963-82df36345ebd","__parent":"mainPrefab_group","position":[118.317444,-442.000244,123.084602],"isRenderEnabled":false,"rotationMatrix":[0.275387883,0.961330056,0.00239999592,-0.960819364,0.275158286,0.0333739929,0.0314230472,-0.0114967534,0.999440074],"shapeName":"/levels/automation_test_track/art/shapes/objects/barrierfence_concrete_painted.dae","useInstanceRenderData":true}
{"class":"TSStatic","persistentId":"03ff776e-6a95-4715-8bdc-ba7e92547e58","__parent":"mainPrefab_group","position":[-239.819122,-279.155151,118.452507],"isRenderEnabled":false,"rotationMatrix":[0.9957605,0.0915662348,0.00875739194,-0.0916172713,0.995778441,0.00561569724,-0.00820621476,-0.00639421772,0.999945879],"shapeName":"/levels/automation_test_track/art/shapes/objects/barrierfence_concrete_painted.dae","useInstanceRenderData":true}
{"class":"TSStatic","persistentId":"041c7c95-c969-403e-9db0-672d0bfe588e","__parent":"mainPrefab_group","position":[-205.859131,192.069321,123.097694],"isRenderEnabled":false,"rotationMatrix":[0.969892681,0.240436733,-0.0387084186,-0.242046595,0.96925199,-0.0443172157,0.0268627256,0.0523521826,0.998267293],"shapeName":"/levels/automation_test_track/art/shapes/objects/barrierfence_concrete.dae","useInstanceRenderData":true}
{"class":"TSStatic","persistentId":"04323603-ca9f-4657-ba56-e241a5970123","__parent":"mainPrefab_group","position":[-403.658569,-141.276016,117.500893],"isRenderEnabled":false,"rotationMatrix":[0.998520434,-0.0543772765,-1.28942806e-16,0.0543772765,0.998520434,1.15624206e-16,1.22464698e-16,-1.22464685e-16,1],"shapeName":"/art/shapes/garage_and_dealership/Clutter/hr_plasticbarrier_red.DAE","useInstanceRenderData":true}
{"class":"TSStatic","persistentId":"055c0ecd-6b9c-48e5-b258-2d6a62c89c71","__parent":"mainPrefab_group","position":[328.706696,45.8795738,134.046509],"isRenderEnabled":false,"rotationMatrix":[-0.999982834,0.00425480213,0.00400917791,-0.00425476767,-0.999990821,1.70584135e-05,0.00400921423,0,0.999991953],"shapeName":"/art/shapes/garage_and_dealership/Clutter/hr_plasticbarrier_red.DAE","useInstanceRenderData":true}
{"class":"TSStatic","persistentId":"0564115c-070e-40d4-b101-4c46683ba4e9","__parent":"mainPrefab_group","position":[343.649628,-22.7544842,134.065796],"isRenderEnabled":false,"rotationMatrix":[-0.0446132421,-0.998997629,0.00364749669,0.998972118,-0.0445821285,0.00818899274,-0.00801817141,0.00400908571,0.999959826],"shapeName":"/art/shapes/garage_and_dealership/Clutter/hr_plasticbarrier_red.DAE","useInstanceRenderData":true}
{"class":"TSStatic","persistentId":"05852705-e988-49c5-8dc2-a0c400c7ac13","__parent":"mainPrefab_group","position":[31.9763279,-350.586548,123.094543],"isRenderEnabled":false,"rotationMatrix":[0.00392848253,0.999992251,1.21982644e-16,-0.999992251,0.00392848253,1.22944821e-16,1.22464685e-16,-1.22464685e-16,1],"shapeName":"/art/shapes/garage_and_dealership/Clutter/hr_plasticbarrier_red.DAE","useInstanceRenderData":true}
{"class":"TSStatic","persistentId":"05f12c8e-290e-458c-89d6-5bff9036acb5","__parent":"mainPrefab_group","position":[-31.3734684,-299.663544,123.094543],"isRenderEnabled":false,"rotationMatrix":[0.76788491,-0.640587807,-1.72488161e-16,0.640587807,0.76788491,1.55893965e-17,1.22464672e-16,-1.22464685e-16,1],"shapeName":"/art/shapes/garage_and_dealership/Clutter/hr_plasticbarrier_red.DAE","useInstanceRenderData":true}
{"class":"TSStatic","persistentId":"062612e5-b001-4166-848c-60dd85e9b625","__parent":"mainPrefab_group","position":[-164.582291,-107.776344,117.444443],"isRenderEnabled":false,"rotationMatrix":[-0.976413608,-0.214769453,-0.0221528821,0.214977175,-0.976590872,-0.00743751787,-0.020036947,-0.0120244566,0.999726951],"shapeName":"/art/shapes/garage_and_dealership/Clutter/hr_plasticbarrier_red.DAE","useInstanceRenderData":true}
{"class":"TSStatic","persistentId":"06e67ed2-8984-4c3b-bea3-ae4b973027a7","__parent":"mainPrefab_group","position":[-327.415314,343.620209,108.947899],"isRenderEnabled":false,"rotationMatrix":[0.997908235,0.0598309301,0.0244820043,-0.0600079335,0.998176336,0.00655957079,-0.0240448937,-0.00801496394,0.999678731],"shapeName":"/art/shapes/garage_and_dealership/Clutter/hr_plasticbarrier_red.DAE","useInstanceRenderData":true}
{"class":"TSStatic","persistentId":"07a500b9-373f-4ad2-ae05-298727b8cdf9","__parent":"mainPrefab_group","position":[-375.809753,-131.05545,117.530365],"isRenderEnabled":false,"rotationMatrix":[-0.986101508,-0.166143507,1.00415915e-16,0.166143507,-0.986101508,-1.41109323e-16,1.22464685e-16,-1.22464672e-16,1],"shapeName":"/art/shapes/garage_and_dealership/Clutter/hr_plasticbarrier_red.DAE","useInstanceRenderData":true}
{"class":"TSStatic","persistentId":"07f63c1e-7f14-4e1d-b42a-373f9d9cc926","__parent":"mainPrefab_group","position":[-386.746674,-134.564377,117.530365],"isRenderEnabled":false,"rotationMatrix":[-0.817743659,-0.575582445,2.96561951e-17,0.575582445,-0.817743659,-1.70633239e-16,1.22464672e-16,-1.22464672e-16,1],"shapeName":"/art/shapes/garage_and_dealership/Clutter/hr_plasticbarrier_red.DAE","useInstanceRenderData":true}
{"class":"TSStatic","persistentId":"08bdb216-4a2e-43e7-bd3a-4d2d3bb8aa87","__parent":"mainPrefab_group","position":[92.7054214,-434.472748,123.174721],"isRenderEnabled":false,"rotationMatrix":[-0.982896566,0.184159026,1.42923072e-16,-0.184159026,-0.982896566,-9.7817125e-17,1.22464685e-16,-1.22464685e-16,1],"shapeName":"/art/shapes/garage_and_dealership/Clutter/hr_plasticbarrier_red.DAE","useInstanceRenderData":true}
{"class":"TSStatic","persistentId":"0ac77152-28db-428b-a0a9-966338727b2b","__parent":"mainPrefab_group","position":[118.658699,-413.391052,123.094543],"isRenderEnabled":false,"rotationMatrix":[-0.0281809568,0.999602854,1.25867217e-16,-0.999602854,-0.0281809568,1.18964877e-16,1.22464685e-16,-1.22464685e-16,1],"shapeName":"/levels/automation_test_track/art/shapes/objects/barrierfence_concrete_painted.dae","useInstanceRenderData":true}
{"class":"TSStatic","persistentId":"0b05d851-6c76-4861-8588-527df1b499f6","__parent":"mainPrefab_group","position":[72.3437958,-404.066284,123.521484],"isRenderEnabled":false,"rotationMatrix":[0.985766113,-0.168074176,0.00403179787,0.168058828,0.985769272,0.00388783053,-0.00462786667,-0.00315491227,0.999984324],"shapeName":"/art/shapes/race/ut_race_mesh_barricade_.DAE","useInstanceRenderData":true}
{"class":"TSStatic","persistentId":"0b6d7718-90f0-408a-ae8f-8acd4594c6b6","__parent":"mainPrefab_group","position":[356.540771,-88.4361954,133.421051],"isRenderEnabled":false,"rotationMatrix":[0.605093777,-0.795110345,-0.0407567807,0.789381385,0.605822802,-0.0992763489,0.103627041,0.0278988592,0.994224846],"shapeName":"/art/shapes/garage_and_dealership/Clutter/hr_plasticbarrier_red.DAE","useInstanceRenderData":true}
{"class":"TSStatic","persistentId":"0b886c56-edb3-4e85-a08b-ed55129288ec","__parent":"mainPrefab_group","position":[315.645172,25.8064365,134.050522],"isRenderEnabled":false,"rotationMatrix":[-0.999884605,0.0151987011,1.24311852e-16,-0.0151987011,-0.999884605,-1.20589235e-16,1.22464685e-16,-1.22464672e-16,1],"shapeName":"/art/shapes/garage_and_dealership/Clutter/hr_plasticbarrier_red.DAE","useInstanceRenderData":true}
{"class":"TSStatic","persistentId":"0b8cfd65-2336-4942-b476-d9a096b7ddff","__parent":"mainPrefab_group","position":[-153.314407,-110.254486,117.558426],"isRenderEnabled":false,"rotationMatrix":[0.78688246,0.617077291,0.00562882097,-0.617089927,0.786892354,0.000680779922,-0.0040091821,-0.0040091821,0.999983907],"shapeName":"/art/shapes/garage_and_dealership/Clutter/hr_plasticbarrier_red.DAE","useInstanceRenderData":true}
{"class":"TSStatic","persistentId":"0c0367fa-11f3-4225-a9bc-7f7f21189ade","__parent":"mainPrefab_group","position":[300.161346,0.164227962,134.058533],"isRenderEnabled":false,"rotationMatrix":[0.0105567575,0.99994421,-4.23244201e-05,-0.999936223,0.0105568171,0.00400899118,0.0040092147,0,0.999991953],"shapeName":"/art/shapes/garage_and_dealership/Clutter/hr_plasticbarrier_red.DAE","useInstanceRenderData":true}
{"class":"TSStatic","persistentId":"0c5c3769-f39f-465d-a376-65edf93ce1d5","__parent":"mainPrefab_group","position":[-29.5489159,-311.606995,123.094543],"isRenderEnabled":false,"rotationMatrix":[-0.00428247452,-0.999990821,-1.21939115e-16,0.999990821,-0.00428247452,-1.22987993e-16,1.22464672e-16,-1.22464685e-16,1],"shapeName":"/art/shapes/garage_and_dealership/Clutter/hr_plasticbarrier_red.DAE","useInstanceRenderData":true}
{"class":"TSStatic","persistentId":"0cf25014-c2d3-4797-80c6-e081e3352565","__parent":"mainPrefab_group","position":[-135.297424,-76.4824295,117.269859],"isRenderEnabled":false,"rotationMatrix":[0.0131786466,-0.999781251,0.0162428934,0.999784708,0.0134356618,0.0158161838,-0.0160309579,0.0160309579,0.999742985],"shapeName":"/art/shapes/garage_and_dealership/Clutter/hr_plasticbarrier_red.DAE","useInstanceRenderData":true}
{"class":"TSStatic","persistentId":"0dd670e7-bfbf-4a6c-a180-ab6be20a0f52","__parent":"mainPrefab_group","position":[331.189941,45.8690071,134.046509],"isRenderEnabled":false,"rotationMatrix":[-0.99999094,0.00425460329,1.22984605e-16,-0.00425460329,-0.99999094,-1.21942529e-16,1.22464685e-16,-1.22464672e-16,1],"shapeName":"/art/shapes/garage_and_dealership/Clutter/hr_plasticbarrier_red.DAE","useInstanceRenderData":true}
{"class":"TSStatic","persistentId":"0df22ae9-e555-4fae-b662-b90e419c9fc4","__parent":"mainPrefab_group","position":[313.720795,83.88871,134.046509],"isRenderEnabled":false,"rotationMatrix":[0.0190556645,0.999818385,1.20108795e-16,-0.999818385,0.0190556645,1.24776093e-16,1.22464685e-16,-1.22464672e-16,1],"shapeName":"/art/shapes/garage_and_dealership/Clutter/hr_plasticbarrier_red.DAE","useInstanceRenderData":true}
{"class":"TSStatic","persistentId":"0f288b87-7940-47e7-8bae-1fe3f002221e","__parent":"mainPrefab_group","position":[-273.647308,-62.3212967,117.09021],"isRenderEnabled":false,"rotationMatrix":[0.920126677,0.391620636,-0.00044537225,-0.391613781,0.920102596,-0.00706262654,-0.0023560822,0.00667292485,0.999974966],"shapeName":"/art/shapes/race/s_concrete_arrow_barrier.dae","useInstanceRenderData":true}
{"class":"TSStatic","persistentId":"0f931cb2-6706-4e83-8046-1031c5cd2b66","__parent":"mainPrefab_group","position":[92.3402939,-417.950012,123.49736],"isRenderEnabled":false,"rotationMatrix":[0.10622704,0.994193792,-0.0171516445,-0.994336009,0.106269419,0.00157643063,0.00338997087,0.0168870408,0.999851644],"shapeName":"/art/shapes/race/ut_race_mesh_barricade_.DAE","useInstanceRenderData":true}
{"class":"TSStatic","persistentId":"10470372-b26e-4753-98ad-5c974d196082","__parent":"mainPrefab_group","position":[-495.029083,-215.398743,117.115189],"isRenderEnabled":false,"rotationMatrix":[0.016366303,0.99977833,-0.0132449502,-0.999841511,0.0164573193,0.00679172156,0.00700819213,0.0131316949,0.999889195],"shapeName":"/art/shapes/race/ut_race_mesh_barricade_.DAE","useInstanceRenderData":true}
{"class":"TSStatic","persistentId":"109a3e29-7042-4285-bb0f-8027f3fd1a15","__parent":"mainPrefab_group","position":[31.9178028,-365.485931,123.094543],"isRenderEnabled":false,"rotationMatrix":[0.00392830372,0.999992251,1.21982657e-16,-0.999992251,0.00392830372,1.22944807e-16,1.22464672e-16,-1.22464672e-16,1],"shapeName":"/art/shapes/garage_and_dealership/Clutter/hr_plasticbarrier_red.DAE","useInstanceRenderData":true}
{"class":"TSStatic","persistentId":"10d58182-72e9-422e-a29f-f8e3defecd68","__parent":"mainPrefab_group","position":[64.7339401,-399.346924,123.086273],"isRenderEnabled":false,"rotationMatrix":[0.19922787,0.979951859,0.00159712718,-0.979920387,0.199234247,-0.00785561651,-0.00801632926,0,0.999967873],"shapeName":"/art/shapes/garage_and_dealership/Clutter/hr_plasticbarrier_red.DAE","useInstanceRenderData":true}
{"class":"TSStatic","persistentId":"111ade21-3741-4098-b109-034da785cd5c","__parent":"mainPrefab_group","position":[-391.141846,-140.610886,117.530365],"isRenderEnabled":false,"rotationMatrix":[-0.114106655,-0.993468463,-1.07690763e-16,0.993468463,-0.114106655,-1.35638853e-16,1.22464685e-16,-1.22464685e-16,1],"shapeName":"/art/shapes/garage_and_dealership/Clutter/hr_plasticbarrier_red.DAE","useInstanceRenderData":true}
{"class":"TSStatic","persistentId":"1189c67d-379f-474c-bbd5-dc006303dd1d","__parent":"mainPrefab_group","position":[-467.728302,-81.0343704,116.132553],"isRenderEnabled":false,"rotationMatrix":[-0.555768013,-0.83133471,0.0021538958,0.830170631,-0.554848909,0.0544012934,-0.0440305918,0.0320225954,0.998516858],"shapeName":"/art/shapes/garage_and_dealership/Clutter/hr_plasticbarrier_red.DAE","useInstanceRenderData":true}
{"class":"TSStatic","persistentId":"1190b8b5-379c-4f12-b048-23d2aa0f83bc","__parent":"mainPrefab_group","position":[118.805946,-417.488403,123.094543],"isRenderEnabled":false,"rotationMatrix":[-0.0387659073,0.999248266,1.27120084e-16,-0.999248266,-0.0387659073,1.17625176e-16,1.22464685e-16,-1.22464672e-16,1],"shapeName":"/levels/automation_test_track/art/shapes/objects/barrierfence_concrete_painted.dae","useInstanceRenderData":true}
{"class":"TSStatic","persistentId":"11b89a19-8365-4175-b61d-27bdfc855ef3","__parent":"mainPrefab_group","position":[52.1376839,-403.189789,123.014374],"isRenderEnabled":false,"rotationMatrix":[0.265117049,0.964216232,8.56149603e-17,-0.964216232,0.265117049,1.50549902e-16,1.22464685e-16,-1.22464672e-16,1],"shapeName":"/art/shapes/garage_and_dealership/Clutter/hr_plasticbarrier_red.DAE","useInstanceRenderData":true}
{"class":"TSStatic","persistentId":"12419415-7ff1-4bab-8018-9e01300b5262","__parent":"mainPrefab_group","position":[-136.950623,-95.7011108,117.522758],"isRenderEnabled":false,"rotationMatrix":[-0.22551167,-0.974187136,0.0101972418,0.97394383,-0.225172281,0.0270356275,-0.0240416266,0.0160283856,0.999582469],"shapeName":"/art/shapes/garage_and_dealership/Clutter/hr_plasticbarrier_red.DAE","useInstanceRenderData":true}
{"class":"TSStatic","persistentId":"144f03d4-6b3c-48b6-8161-2122e391004e","__parent":"mainPrefab_group","position":[373.122101,-236.927094,122.209671],"isRenderEnabled":false,"rotationMatrix":[0.235432148,-0.97062242,-0.0496377349,0.971882582,0.234912455,0.0161384102,-0.00400377996,-0.0520415455,0.998636901],"shapeName":"/art/shapes/garage_and_dealership/Clutter/hr_plasticbarrier_red.DAE","useInstanceRenderData":true}
{"class":"TSStatic","persistentId":"148aed91-92f9-40bd-a20c-1f6eec5b7141","__parent":"mainPrefab_group","position":[-386.330872,-150.17598,117.530365],"isRenderEnabled":false,"rotationMatrix":[0.93057549,-0.366100043,-1.58796972e-16,0.366100043,0.93057549,6.91282977e-17,1.22464685e-16,-1.22464672e-16,1],"shapeName":"/art/shapes/garage_and_dealership/Clutter/hr_plasticbarrier_red.DAE","useInstanceRenderData":true}
{"class":"TSStatic","persistentId":"14e6ee6f-2fe4-4592-9701-b51314abf5a8","__parent":"mainPrefab_group","position":[327.023682,125.007683,134.092041],"isRenderEnabled":false,"rotationMatrix":[-0.0140957832,-0.999869466,0.00790441968,0.999868512,-0.0140315294,0.00812995061,-0.0080179777,0.0080179777,0.999935687],"shapeName":"/art/shapes/garage_and_dealership/Clutter/hr_plasticbarrier_red.DAE","useInstanceRenderData":true}
{"class":"TSStatic","persistentId":"1507bc99-623f-498a-8a4e-bda43d171dbf","__parent":"mainPrefab_group","position":[41.4469452,-346.474213,123.094543],"isRenderEnabled":false,"rotationMatrix":[0.490256608,-0.871578097,-1.66776645e-16,0.871578097,0.490256608,-4.66984219e-17,1.22464672e-16,-1.22464672e-16,1],"shapeName":"/art/shapes/garage_and_dealership/Clutter/hr_plasticbarrier_red.DAE","useInstanceRenderData":true}
{"class":"TSStatic","persistentId":"1508532c-dca1-48df-8676-21ce56233637","__parent":"mainPrefab_group","position":[313.333008,63.5408592,134.046509],"isRenderEnabled":false,"rotationMatrix":[0.0190511942,0.999818504,1.20109365e-16,-0.999818504,0.0190511942,1.2477555e-16,1.22464672e-16,-1.22464685e-16,1],"shapeName":"/art/shapes/garage_and_dealership/Clutter/hr_plasticbarrier_red.DAE","useInstanceRenderData":true}
{"class":"TSStatic","persistentId":"156474ac-395c-44ed-b6d1-e3ab4d05d2c6","__parent":"mainPrefab_group","position":[48.8460197,-415.16156,123.041016],"isRenderEnabled":false,"rotationMatrix":[0.265090346,0.964099586,-0.0154594164,-0.964223564,0.265056252,-0.00425019721,4.65661287e-10,0.0160330199,0.999871492],"shapeName":"/art/shapes/garage_and_dealership/Clutter/hr_plasticbarrier_red.DAE","useInstanceRenderData":true}
{"class":"TSStatic","persistentId":"159914c5-36c3-4254-a396-36a1944f974a","__parent":"mainPrefab_group","position":[-164.828903,-140.682587,117.767494],"isRenderEnabled":false,"rotationMatrix":[-0.797788978,-0.600696743,-0.0519225001,0.597618639,-0.799227238,0.0639342889,-0.0799030066,0.019976221,0.996602476],"shapeName":"/art/shapes/garage_and_dealership/Clutter/hr_plasticbarrier_red.DAE","useInstanceRenderData":true}
{"class":"TSStatic","persistentId":"16eda7de-a573-4085-96ae-503d9e4511c3","__parent":"mainPrefab_group","position":[66.0193329,-393.138,123.094543],"isRenderEnabled":false,"rotationMatrix":[0.204304636,0.978907347,9.48614697e-17,-0.978907347,0.204304636,1.44901688e-16,1.22464685e-16,-1.22464685e-16,1],"shapeName":"/art/shapes/garage_and_dealership/Clutter/hr_plasticbarrier_red.DAE","useInstanceRenderData":true}
{"class":"TSStatic","persistentId":"1720c112-3c97-4095-b731-46222969e2c2","__parent":"mainPrefab_group","position":[-389.656036,-137.099121,117.530365],"isRenderEnabled":false,"rotationMatrix":[-0.619949102,-0.784642041,-2.01690721e-17,0.784642041,-0.619949102,-1.72012804e-16,1.22464685e-16,-1.22464685e-16,1],"shapeName":"/art/shapes/garage_and_dealership/Clutter/hr_plasticbarrier_red.DAE","useInstanceRenderData":true}
{"class":"TSStatic","persistentId":"179a3d83-4e41-4805-8a53-cb5b00354fdf","__parent":"mainPrefab_group","position":[169.463226,42.0845947,125.533417],"isRenderEnabled":false,"rotationMatrix":[0.805117965,-0.59311384,0.00102156447,0.592898071,0.804869235,0.0256402306,-0.0160298012,-0.0200377256,0.999670684],"shapeName":"/art/shapes/garage_and_dealership/Clutter/hr_plasticbarrier_red.DAE","useInstanceRenderData":true}
{"class":"TSStatic","persistentId":"179fdc78-51db-425c-ba47-58a0c1ee9479","__parent":"mainPrefab_group","position":[-378.318329,7.41657305,115.732819],"isRenderEnabled":false,"rotationMatrix":[-0.672086716,-0.740307331,0.0156363249,0.73942554,-0.672109365,-0.038974233,0.0393622331,-0.0146321673,0.999117851],"shapeName":"/art/shapes/race/s_concrete_arrow_barrier.dae","useInstanceRenderData":true}
{"class":"TSStatic","persistentId":"17b389e0-ba62-4198-b6f0-bfc166b74e8e","__parent":"mainPrefab_group","position":[313.100311,51.3321495,134.050522],"isRenderEnabled":false,"rotationMatrix":[0.0190580487,0.999818385,1.20108504e-16,-0.999818385,0.0190580487,1.24776371e-16,1.22464685e-16,-1.22464685e-16,1],"shapeName":"/art/shapes/garage_and_dealership/Clutter/hr_plasticbarrier_red.DAE","useInstanceRenderData":true}
{"class":"TSStatic","persistentId":"17c1b564-2955-4617-9268-93f730344cc8","__parent":"mainPrefab_group","position":[300.573425,24.5824509,134.054535],"isRenderEnabled":false,"rotationMatrix":[0.0231809616,0.999731243,1.19592926e-16,-0.999731243,0.0231809616,1.25270614e-16,1.22464685e-16,-1.22464685e-16,1],"shapeName":"/art/shapes/garage_and_dealership/Clutter/hr_plasticbarrier_red.DAE","useInstanceRenderData":true}
{"class":"TSStatic","persistentId":"17d07b43-bbef-4af6-b624-0ddff3b0c731","__parent":"mainPrefab_group","position":[-383.350372,-132.723724,117.530365],"isRenderEnabled":false,"rotationMatrix":[-0.931555271,-0.363599598,6.95545141e-17,0.363599598,-0.931555271,-1.58610731e-16,1.22464685e-16,-1.22464685e-16,1],"shapeName":"/art/shapes/garage_and_dealership/Clutter/hr_plasticbarrier_red.DAE","useInstanceRenderData":true}
{"class":"TSStatic","persistentId":"17f14130-385e-403b-b37f-527fea3eb6cf","__parent":"mainPrefab_group","position":[-143.41156,-59.5164337,117.057594],"isRenderEnabled":false,"rotationMatrix":[-0.115592599,0.993224859,-0.0119443573,-0.993296623,-0.115584254,0.00138999755,4.65661287e-10,0.0120249633,0.9999277],"shapeName":"/art/shapes/garage_and_dealership/Clutter/hr_plasticbarrier_red.DAE","useInstanceRenderData":true}
{"class":"TSStatic","persistentId":"184e5be1-ce98-4c98-9966-944c765b404b","__parent":"mainPrefab_group","position":[-200.518127,82.268486,116.99218],"isRenderEnabled":false,"rotationMatrix":[0.79423213,0.607614398,-8.87881033e-05,-0.607492805,0.794076085,0.0198917426,0.0121570155,-0.0157447234,0.999802113],"shapeName":"/levels/automation_test_track/art/shapes/objects/barrierfence_concrete.dae","useInstanceRenderData":true}
{"class":"TSStatic","persistentId":"186835e9-6098-43d4-aed1-58772aaf61a5","__parent":"mainPrefab_group","position":[356.769806,3.77199936,134.062302],"isRenderEnabled":false,"rotationMatrix":[0.999518991,-0.0310118198,0,0.0310118198,0.999518991,0,0,0,1],"shapeName":"/levels/automation_test_track/art/shapes/objects/barrierfence_concrete_painted.dae","useInstanceRenderData":true}
{"class":"TSStatic","persistentId":"186c2a8b-1bed-4cd5-9894-8df85f3a8493","__parent":"mainPrefab_group","position":[85.1687469,-363.680908,123.094543],"isRenderEnabled":false,"rotationMatrix":[0.947617233,0.319408178,-7.69334218e-17,-0.319408178,0.947617233,1.55165861e-16,1.22464685e-16,-1.22464672e-16,1],"shapeName":"/art/shapes/garage_and_dealership/Clutter/hr_plasticbarrier_red.DAE","useInstanceRenderData":true}
{"class":"TSStatic","persistentId":"18d0e83c-0e77-4bfe-af19-3929c41dddee","__parent":"mainPrefab_group","position":[-208.363174,-123.4561,117.530365],"isRenderEnabled":false,"rotationMatrix":[-0.997569561,-0.0696778893,1.13633957e-16,0.0696778893,-0.997569561,-1.30700109e-16,1.22464672e-16,-1.22464672e-16,1],"shapeName":"/levels/automation_test_track/art/shapes/objects/barrierfence_concrete.dae","useInstanceRenderData":true}
{"class":"TSStatic","persistentId":"195b6fa5-05fb-44fc-aa9c-e4c3694eca8b","__parent":"mainPrefab_group","position":[-152.092468,-55.7288284,117.527786],"isRenderEnabled":false,"rotationMatrix":[0.973900735,-0.226974368,0,0.226974368,0.973900735,0,0,0,1],"shapeName":"/art/shapes/race/ut_race_mesh_barricade_curve_b.DAE","useInstanceRenderData":true}
{"class":"TSStatic","persistentId":"1a403243-b5fa-4636-a7d9-af6f53f26e26","__parent":"mainPrefab_group","position":[-130.183777,-44.4011955,117.499146],"isRenderEnabled":false,"rotationMatrix":[0.816177487,-0.577801287,0,0.577801287,0.816177487,0,0,0,1],"shapeName":"/art/shapes/race/ut_race_mesh_barricade_.DAE","useInstanceRenderData":true}
